start:
learning rate has been set to:0.1
iteration criteria has been set to:500
error criteria has been set to:50
momentum has been set to:0.4
bias has been set to:1
1 input layer, 1 hidden layer, 1 output layer

the number of input node is: 11, hidden node is: 58, output node is: 3

 hidden node activation function is tanh function, output node activation function is sigmoid function
Start the training phase

initial hidden weight:  [[0.3444218515250481, -0.3656357558875988, 0.4560342718892494, -0.26203537290810863, -0.2639519102625655, 0.12290169488970193, 0.293340083761663, -0.17616723516683763, -0.2732941406189512, -0.03699264218497855, 0.0714025946899135, -0.04762044649018138], [-0.025429321311451925, -0.24099150828452642, -0.3931714622983443, 0.46524214155212296, -0.13847722508592486, 0.0219839097124932, -0.31873513666677866, 0.17712582680027034, 0.4056396761745207, -0.33505052016680203, 0.45820937981727283, 0.42486525162594524], [0.21234298782691852, -0.12303769760961403, 0.24729126622328357, 0.1484972199788831, -0.387042829823837, 0.04811905381169912, 0.03908156460581058, -0.48772175260202455, -0.4225782161466959, 0.07032842313687315, 0.028935382940412313, 0.04869460564382222], [-0.17129947946690205, 0.18200456058797787, 0.13947369472032034, -0.29014875546348273, -0.041393290612938616, -0.11897931000422857, 0.13942679845788375, -0.46144816066261996, -0.09146412074550625, -0.2281245856159092, 0.38826807645248806, -0.14815374417211735], [0.04815782841632965, -0.43311602365724833, -0.0024634312413976955, -0.256482237290663, 0.47835485837099667, 0.11714147666995223, 0.41364297255489113, -0.40966014573065046, 0.46591918802494403, -0.4574342864174231, 0.08075716493395668, -0.2758145251526736], [-0.1921932452662226, -0.005512564020565325, 0.4279915658776743, -0.054860774843177196, -0.023841737770654348, -0.085256000691321, -0.4291910729409274, -0.42520624312688926, 0.24166893561457325, 0.18424095241207328, 0.409769237923872, -0.17624665417923435], [-0.42657334519766843, -0.22018452642701214, 0.3597284451918654, -0.04915486585499096, -0.12944335890369296, 0.299115369116727, 0.3144781454478104, -0.3546638381667193, -0.22850888674005443, 0.005940413770247677, -0.35527944736633155, -0.003843830199587339], [0.231531130400211, -0.3004112936458999, 0.2915259359614659, -0.35404519932035305, -0.10251112301854248, -0.4189093353761155, -0.29632955257894844, -0.41647947884641434, -0.0789553857133537, 0.4123433593597492, 0.04680155353663307, 0.26016147830977443], [-0.12940568987531353, -0.30546275206681894, -0.14360179323727784, -0.09602192505633367, -0.3543307448958697, 0.08115213250456466, -0.3518287936129164, 0.47905012007277437, 0.45996093019495543, 0.37809934907649245, 0.21068373306249277, -0.25351804033064185], [-0.36947977009932975, -0.22041696139413214, 0.4342619627039729, 0.32717056534231403, -0.018753365926691634, -0.46944467981262594, -0.2590644988215054, 0.3959023750070165, 0.32135753143958923, -0.2598969699337438, 0.21098226779628448, 0.42631285850701406], [0.01493795400774911, -0.4126985131341834, 0.010018506743479483, -0.4476364011490557, 0.46078075675523256, 0.4000582191556544, 0.07257673934264153, -0.4554242051216595, 0.44003409035084573, 0.08609776845595751, 0.019777941893520334, -0.18456481119655488], [-0.08757117274572102, -0.006167349558428015, -0.015881243920857768, 0.16953503618824028, 0.07571620813643054, -0.4276334257305292, -0.3065636651076168, -0.49848982721982915, 0.2715909396983306, 0.017320899506723775, 0.08258843938317761, 0.40637115526146217], [-0.05173277828633027, 0.3704757225324894, -0.36666483327868904, 0.10523988040189569, -0.0964982457241862, -0.42889249251702766, 0.32380724196408806, 0.20657373524917444, 0.4776533227882791, 0.4933676756211455, -0.29685769362447256, 0.08088629322272944], [-0.012220521140040908, 0.11164339252488531, 0.18425230640308066, -0.10548011831478887, -0.3774629868248095, 0.01821006986620821, -0.4462958299358941, 0.04142068789349074, -0.4046650995216263, -0.4831749941275929, -0.3212856454222496, -0.2711710943229172], [0.2455596261835028, -0.24447249978939, 0.2874013583733741, 0.2815582961174371, -0.1474801436550932, -0.1758732759421272, 0.30410304669059507, -0.056040605644572916, -0.4703008304867615, 0.4678401739656649, 0.448621825223223, 0.40150140864037964], [-0.3557601937650996, 0.0809419058172387, -0.04793413465094354, -0.39205564490524414, -0.22408208990246026, 0.40022387985931296, -0.15770034744623074, -0.14876251055084777, 0.2896639161331056, -0.01656703784999569, -0.4254127355772108, 0.25917519276997636], [-0.12666381275223837, 0.061792757077695604, 0.3148915365531588, 0.09551873352882734, 0.14939944824179685, 0.03987663250669293, -0.44702136835143147, -0.1557542179205954, -0.45439069791460607, -0.4328977412405962, 0.26388157446339544, -0.4092418175760779], [-0.10309351339780237, -0.0655831882225576, -0.4913521626677315, 0.005976666949840559, -0.2209376132070734, 0.0570381481736858, -0.11529541755408979, 0.06489597527212498, -0.10373709641895346, -0.3478537171567081, 0.017283459965517722, -0.4559527663033244], [0.3587556571342133, 0.46032541458777865, -0.19963762770189042, 0.19822338698380182, 0.24750608030074006, -0.25453191678712395, 0.2788164325646951, -0.16789783270724035, -0.43621651944546413, 0.20004507825674767, -0.015949055315127914, -0.1009418598620474], [0.41961829927180216, 0.02880606904119043, 0.2049957376854643, 0.35450965927387945, -0.21898070631128486, 0.18247691394735277, -0.1581468413415541, -0.15318180080456334, 0.17324583508537073, 0.12252592664204542, 0.29586436876004163, -0.3812823653851787], [0.36391836118998744, 0.18815689186569795, -0.16464396545703708, 0.47799394946744167, 0.446188529964882, -0.3741800242117379, 0.42707477554877504, -0.041745660170758536, 0.33677237045722874, -0.2289119393914274, -0.11244370488952682, -0.05521427348145025], [0.276928198500656, 0.03819324472678709, -0.12519624456027123, -0.44470181819491506, -0.01114954568186155, -0.18293593517470141, 0.1536579270711469, -0.46043702360996686, -0.2893289620317061, -0.06661837558020456, -0.18680376741510407, 0.24211727743677636], [0.12189043144654188, 0.30931559497294514, 0.46605993114261957, -0.3023158533731012, 0.25537054905399215, -0.4601208118621348, 0.34689217939523065, -0.016430976577528233, 0.4788536911967798, -0.30794016520936895, -0.35551539466612225, 0.2596439854481012], [-0.12706423498814112, 0.4014232016292112, 0.4068501092011524, -0.08955723527701431, -0.19041466379573602, -0.4801494605355697, 0.17171722679761292, 0.2248826102972551, -0.4671773551325724, 0.08080757619567969, -0.00818999057664338, 0.05599323678754098], [0.43493249906165277, 0.3494250159774329, 0.042696363793198966, 0.15843750888637254, 0.2680093582327807, -0.02242092438305132, -0.3239323568828414, 0.3620865928526835, -0.42693588178935615, 0.025436508415862757, -0.2941896650598069, -0.13592048293832582], [0.09769578543632795, -0.10126489679483364, 0.46520399717606775, -0.4683425259576529, -0.3661220505294219, -0.317409026810769, -0.07015996488417675, 0.13773207746980498, -0.3126191262293929, -0.436552164724327, 0.051055811847973365, 0.3204420452156187], [0.15038721371649466, 0.06460323306382831, -0.30356872486846875, -0.0900356792544349, -0.47361847902945375, -0.03780301645444195, 0.19863718490314553, -0.3220627687667592, -0.05447011060605311, -0.22454053617311132, 0.37353445373390626, 0.23304083864861136], [0.0900903803728722, 0.050753815868536556, -0.39555730318209237, 0.36300687535745124, 0.14206821100780642, 0.3299381023331648, 0.4510547662752967, 0.3356994817548187, -0.25116492419581604, 0.05483545624321662, 0.42478273992586735, -0.355449952177906], [-0.49367371369284696, -0.29814090207313093, -0.3904655023499247, -0.35876293604579446, -0.10000335741730837, 0.08231011254257847, -0.3792174889966373, -0.3124506436333717, -0.12371927958392659, 0.27065921787286773, 0.0600060238816047, -0.14975183010514026], [0.3721659803279822, -0.09019031746483086, 0.38994246991657755, 0.35794625885869347, 0.3883999756302563, -0.40244836294053743, -0.28611905725429254, -0.3408397725934402, 0.14990586073155532, -0.31595832576558636, 0.2647869213640338, -0.40695736590585896], [0.4198205562726043, 0.4128950135066931, 0.26727836555545714, 0.28041736908299575, 0.2840458601899457, 0.17663307698776198, -0.4310738109962048, -0.4654852081430505, 0.3770110866183676, 0.27005134795891594, -0.3757380945499952, -0.18931406290327768], [-0.3827858887053668, -0.4659625059626402, -0.16838823143068626, -0.2662871154756591, 0.17228423603854948, -0.2593448720667674, -0.47726822428537075, -0.4687913120107582, 0.4219119707694686, -0.020608019297403524, -0.4433070029010516, 0.01619438724830058], [0.14451677980554012, 0.425577961392573, 0.12196021004145696, -0.05980050411751503, 0.30332793982499373, 0.16887999315112734, 0.06738178868327882, -0.007179408004815313, 0.11527595608355612, -0.12610354040193228, 0.4790869745508681, -0.12932001548519167], [-0.449525801241747, -0.3792977847882877, 0.4303356290274353, -0.46477215620546697, -0.19231348066105614, -0.0023135907849021198, 0.32190686829133963, -0.25035788398906667, -0.4125536163788628, -0.4564700261907578, -0.07898346387989608, 0.1582625122649799], [0.2983215131971124, 0.3259155118213076, -0.35291593011077294, -0.2835188133565333, -0.212514304633162, 0.3209427651083404, -0.0776109110777945, 0.2752162988425123, -0.24641130240362885, 0.4310406118445338, -0.17740802202796213, 0.12429401041984678], [-0.47365661954047444, 0.15443981896182246, -0.11404446294799664, -0.17698196944980604, 0.06158436436049697, -0.08098420434046882, -0.33665723105366196, -0.33633266677493134, -0.24509306364985106, 0.09451085237568546, -0.2280503387603524, 0.4676573447316964], [0.08343627040770984, -0.30086811128348234, -0.13813298143944108, 0.48416976502404396, -0.1177763009027385, 0.030880505468587782, -0.29194272639774044, -0.09618376695330566, -0.3757419530204835, -0.32222022175259024, -0.13359227200847335, 0.2566288793535171], [-0.19110534125704548, 0.05082176196190058, 0.2873297816287663, -0.0889803716548363, -0.21962407045757726, -0.3095098122249319, -0.40365888555574636, -0.459595504457575, -0.15873616657165668, -0.2629136934890888, -0.19686218658469434, 0.4062123437193701], [0.24820253587823626, 0.25148651139898826, -0.4287226080414398, 0.4592810917579966, -0.20177307186334492, 0.22019826108910334, 0.09267795585653937, -0.2961239458447569, -0.22807881113759443, -0.3083229589235347, 0.3990923393727056, -0.24752443671970514], [0.49569469843023983, -0.23446594332669557, -0.4587273320125186, 0.48207252977732984, 0.3840763654902779, -0.16367161763636917, -0.43038032969506923, 0.474235147130483, -0.0020426833191321547, 0.1166705818051974, 0.46415157859656564, 0.41747565411923293], [-0.10715161586226307, 0.1779871336456591, 0.021099661256421043, 0.029706214940595443, 0.07190284995005658, -0.3600514594601869, -0.3275668086547744, 0.3185807532003666, -0.38784099735956445, 0.4389118770036148, 0.40136156034839454, -0.004388609516261077], [0.3055333839032718, 0.39680412599639003, 0.12692038414337403, 0.18455379578231013, 0.22999726952716792, -0.23779258431532369, -0.017950762689286193, -0.3862848119666007, 0.29733758763674034, 0.13942066045704848, 0.005504581060011726, -0.32903481161778536], [-0.037081645255353735, -0.35039315926390613, 0.25738873171585186, -0.017837741395124396, 0.04182413806255092, 0.20475034239815304, 0.18457835023369396, -0.391534623105552, -0.4810130460953145, -0.4835411592947033, -0.14185292191940369, -0.3353253657081], [0.3149016479579616, 0.3121422561401661, 0.4391041323191013, 0.10345138938553256, 0.4823770747601296, -0.40015419572323263, -0.4233591762617769, 0.4767635441118573, -0.27469384696040544, 0.3267270888804453, 0.4982115041738733, 0.47768504166012915], [0.2833053250366421, 0.1501166517318393, 0.37869585550451956, 0.40211620725352104, -0.2903190206291427, -0.12239754072563147, -0.07769803040076806, -0.3592290739391647, 0.24376869344135932, 0.22678906801503873, -0.22917626577092365, -0.20343224561534579], [0.11315943019273778, -0.14128879453867094, -0.01943918233872599, 0.3434983763243995, 0.16552144104054323, -0.2850978253171884, -0.48582538011393983, -0.454650118387957, 0.454699896527743, 0.42592822497705196, 0.33981401079853213, 0.012154509521324575], [-0.47876829100840945, -0.02815613131547423, 0.015365647838650243, -0.30665474925529224, 0.18888441080433327, -0.4753399677233764, 0.48845088024896877, -0.4844752132501883, 0.26074266164340376, 0.09256808108828174, 0.23625745154659672, 0.02199149679667811], [0.426273400271863, 0.43912461127696567, 0.2967212866644694, -0.35775241763331267, -0.39799281183564217, 0.11916416781132966, -0.4237543627429772, -0.3473957385247697, 0.44509219537127764, 0.19618335163129152, -0.18878511658902153, -0.19509358892530348], [0.26433829730070857, -0.10836829729502218, 0.2635787747073508, -0.18394612564346635, 0.023676823949069448, 0.21142005925562213, -0.29510877493865584, 0.037968709411920654, 0.09563951720123232, -0.43757738853927075, 0.23754959012318555, 0.39217088154005053], [0.225199303748155, -0.379332890075447, -0.4748895988975539, 0.04868867529625931, -0.4273736516509731, 0.4231016882912133, -0.37423529126523014, 0.4939727401610505, -0.09572934245927911, -0.39846812217287, 0.351422263913554, 0.20722809458683855], [0.4405614753409477, -0.3073303126888035, -0.09872143577744619, -0.3352044109186608, -0.43588957784426285, -0.3277807691481328, 0.23516056596889368, 0.19771105109318232, -0.3686793993101771, 0.12989874604264684, -0.055178080443029076, 0.0436358153199754], [0.32538768535238405, -0.2227607658052263, -0.24615218318105447, -0.2689209850310944, -0.4733141758391316, 0.1933080142261836, -0.040248821141808055, 0.008804380252486865, -0.2765849423810869, -0.18570424157011856, -0.20439407184987368, -0.4547576727163922], [-0.3108053959840059, 0.4980385706489602, -0.13452810217253186, 0.42907700874567956, 0.3779689922735444, -0.44602131610267826, 0.49403745275166533, 0.29214442732336565, -0.13283185487658944, -0.4555335166268061, -0.37226521805304325, -0.15440214913832684], [-0.30019991903194154, -0.008943653114923067, 0.1311006935877681, 0.20791802406151638, -0.48187456530279293, -0.11774951260028599, 0.1604604048014593, 0.05061857348505794, -0.014393699789457037, -0.30283741189210145, 0.0726762631412029, 0.4048427019907662], [0.14200417830462364, -0.14125163119584772, -0.186095791576376, -0.45632381119175447, -0.35612342860356005, 0.23985075865900096, 0.1598466304350723, 0.3198061960659362, 0.16561047516645344, 0.09513321008941711, -0.3471235537279911, 0.2248798630548966], [-0.4838676179024759, 0.4263774169590604, 0.1345970043074851, 0.3885927996663715, 0.2859969341211167, 0.021249187127270086, -0.04388035102303167, -0.396820995502582, -0.037974215145964774, -0.19813190698062533, 0.06493959093812629, 0.302007500734117], [-0.4822025216660306, 0.029727893762895752, -0.09411841568632051, -0.2934621214374895, -0.46996634586441866, 0.12937738796064635, -0.39024557257275094, 0.41485008338995677, 0.11247843123958423, -0.08620242998075012, 0.0289435478576906, -0.10251989398988914], [-0.11204953000638918, -0.20242925874449835, 0.4852586677575108, -0.09438435766308606, 0.30627001746475635, 0.10846153765788857, -0.17348268090950625, 0.189353958890503, 0.373949058530598, -0.018193228236427217, 0.20302453242618967, -0.1685759872317648]] 

initial output weight:  [[0.3444218515250481, -0.3656357558875988, 0.4560342718892494, -0.26203537290810863, -0.2639519102625655, 0.12290169488970193, 0.293340083761663, -0.17616723516683763, -0.2732941406189512, -0.03699264218497855, 0.0714025946899135, -0.04762044649018138, -0.025429321311451925, -0.24099150828452642, -0.3931714622983443, 0.46524214155212296, -0.13847722508592486, 0.0219839097124932, -0.31873513666677866, 0.17712582680027034, 0.4056396761745207, -0.33505052016680203, 0.45820937981727283, 0.42486525162594524, 0.21234298782691852, -0.12303769760961403, 0.24729126622328357, 0.1484972199788831, -0.387042829823837, 0.04811905381169912, 0.03908156460581058, -0.48772175260202455, -0.4225782161466959, 0.07032842313687315, 0.028935382940412313, 0.04869460564382222, -0.17129947946690205, 0.18200456058797787, 0.13947369472032034, -0.29014875546348273, -0.041393290612938616, -0.11897931000422857, 0.13942679845788375, -0.46144816066261996, -0.09146412074550625, -0.2281245856159092, 0.38826807645248806, -0.14815374417211735, 0.04815782841632965, -0.43311602365724833, -0.0024634312413976955, -0.256482237290663, 0.47835485837099667, 0.11714147666995223, 0.41364297255489113, -0.40966014573065046, 0.46591918802494403, -0.4574342864174231, 0.08075716493395668], [-0.2758145251526736, -0.1921932452662226, -0.005512564020565325, 0.4279915658776743, -0.054860774843177196, -0.023841737770654348, -0.085256000691321, -0.4291910729409274, -0.42520624312688926, 0.24166893561457325, 0.18424095241207328, 0.409769237923872, -0.17624665417923435, -0.42657334519766843, -0.22018452642701214, 0.3597284451918654, -0.04915486585499096, -0.12944335890369296, 0.299115369116727, 0.3144781454478104, -0.3546638381667193, -0.22850888674005443, 0.005940413770247677, -0.35527944736633155, -0.003843830199587339, 0.231531130400211, -0.3004112936458999, 0.2915259359614659, -0.35404519932035305, -0.10251112301854248, -0.4189093353761155, -0.29632955257894844, -0.41647947884641434, -0.0789553857133537, 0.4123433593597492, 0.04680155353663307, 0.26016147830977443, -0.12940568987531353, -0.30546275206681894, -0.14360179323727784, -0.09602192505633367, -0.3543307448958697, 0.08115213250456466, -0.3518287936129164, 0.47905012007277437, 0.45996093019495543, 0.37809934907649245, 0.21068373306249277, -0.25351804033064185, -0.36947977009932975, -0.22041696139413214, 0.4342619627039729, 0.32717056534231403, -0.018753365926691634, -0.46944467981262594, -0.2590644988215054, 0.3959023750070165, 0.32135753143958923, -0.2598969699337438], [0.21098226779628448, 0.42631285850701406, 0.01493795400774911, -0.4126985131341834, 0.010018506743479483, -0.4476364011490557, 0.46078075675523256, 0.4000582191556544, 0.07257673934264153, -0.4554242051216595, 0.44003409035084573, 0.08609776845595751, 0.019777941893520334, -0.18456481119655488, -0.08757117274572102, -0.006167349558428015, -0.015881243920857768, 0.16953503618824028, 0.07571620813643054, -0.4276334257305292, -0.3065636651076168, -0.49848982721982915, 0.2715909396983306, 0.017320899506723775, 0.08258843938317761, 0.40637115526146217, -0.05173277828633027, 0.3704757225324894, -0.36666483327868904, 0.10523988040189569, -0.0964982457241862, -0.42889249251702766, 0.32380724196408806, 0.20657373524917444, 0.4776533227882791, 0.4933676756211455, -0.29685769362447256, 0.08088629322272944, -0.012220521140040908, 0.11164339252488531, 0.18425230640308066, -0.10548011831478887, -0.3774629868248095, 0.01821006986620821, -0.4462958299358941, 0.04142068789349074, -0.4046650995216263, -0.4831749941275929, -0.3212856454222496, -0.2711710943229172, 0.2455596261835028, -0.24447249978939, 0.2874013583733741, 0.2815582961174371, -0.1474801436550932, -0.1758732759421272, 0.30410304669059507, -0.056040605644572916, -0.4703008304867615]] 

final training epoch is: 264

final training Sum error is: 49.90666011249259

final training Mean square error is: 0.024853914398651686

final hidden_weight is  [[0.8943298230901174, -3.5328318207828175, 7.733883769518541, -3.8662454815304312, -3.169253471583595, -1.8059282777825545, -0.03777780394015295, 2.684136201278514, 0.6733519747073687, -0.4450358923250707, -0.5784504307178057, -1.79591688025143], [-2.139201071881243, -1.550618599585406, 1.3308702175116074, 5.668240384075728, -0.8954607801260741, -0.34925933489865274, -1.4631904652309566, 1.9740434384372092, 2.204460847534258, -3.040327118288681, 4.477667463161738, 0.9055903885824321], [2.0922164164550225, -2.152471358932748, 0.5815046128346383, -3.1119716943961264, -3.6874250821093044, -2.337129067228474, -0.8207897808046586, -0.9996582101796919, -1.5153200889416782, -0.998237282631096, 2.49484700048133, 0.7541062502836402], [0.39702922971811366, -1.3104322034542462, 1.8427992059122724, 1.002576272596983, 1.694944778306613, -0.6157349444101998, 0.887747383610956, -7.371489046991643, 0.885815616790831, 1.0404722899667986, 2.5589715202851666, -1.0355734976325652], [0.423260743022702, -5.196178600348968, -1.9292900615570925, -1.8073498724700314, 1.905814779063123, -1.9778584461939355, 2.0106226050203784, -2.536093275420437, 4.486794014194096, -4.480655740313507, 0.06005101095862542, 0.6647294077317737], [-2.917213082275773, -1.379825725189308, 4.822377253484056, 0.6376272293640723, -1.0390878719728984, -1.6057947525422211, -2.8416944763254217, -0.5175866087772588, 1.6332322465446034, 1.43779283220502, 3.4366550924870247, -1.866803494866598], [-4.172587945109585, -3.9210320600191615, 1.005284001897744, 0.4452699247597587, 0.45545925568332996, 1.4320040255628321, -0.4865011179344035, -0.10429784753793903, -2.9576910152427884, 0.7806990286456899, -1.3203798173586805, 0.08516974161398817], [-1.6087059137783533, -3.1026538855604384, -2.2232528135862664, -0.5078851693796296, 1.1094275530610735, -7.239492197774757, -1.4696030271932468, 1.1252416520340527, -1.472314531870431, 1.1166007233361404, 0.11862642224847546, 2.329383332260988], [-2.2327884232285053, -2.613184612650398, -0.03349921709755656, 1.007777727565086, -0.8779249556247513, -0.667998756693948, -0.023715213892638923, 5.5323014044065255, 1.067338970620356, 2.3796661764332216, -1.5491008166824134, 0.17612004367290973], [-5.379570220038612, -4.002757729414386, 5.609848515802877, 0.8511225930508663, -0.5891604414153273, -2.078909087234436, -2.352258944224157, -1.2297473405712287, -0.053832744317862016, -0.07787181582692479, -4.806160135224414, 0.1635249149323265], [-0.7874734568075749, -2.922645600790128, -0.3954579963705329, -3.267563875899963, 2.176229448839593, 1.9576909856862295, 1.176778908992179, 2.1304485965839097, 6.328041689914587, 0.14498545472260868, 0.7499700157850254, 0.2915432439088776], [1.0373645447214503, 0.5781225222919603, 1.4868741121442803, -1.2820369873501618, 1.7831845101203498, -2.450544681447643, -4.477904818237413, -2.2128473932406525, 0.6523806298594109, 0.9106045526210301, 1.9161771456797922, 2.051130133173532], [1.859697101223718, -1.472159353365027, -1.087166574438537, 2.538278133865895, -1.8321786888013893, -4.38330310689724, 4.52559392263573, -1.4892484640022163, 4.6002578180712295, 7.155905080377814, -2.190185171056852, 0.8985851028164656], [-0.42048710849117155, 1.415675587317413, -0.3432730473372945, -0.08634085063759057, -0.33201653128811215, -3.050859722862924, -5.183291681618905, 0.372560238259138, -3.8121087576536747, -3.413601246330004, -2.1659974424279675, -0.9101213950758108], [4.155052250971512, -1.297084406939353, 2.6802841116349208, 0.2065616113441323, -0.24176428728150584, -1.245770026699457, 2.2195213511635696, -1.8275958142612059, -0.014552752521038692, 1.0619890465861437, 2.289230519341443, 5.573418527696335], [-2.3214774955901136, -0.003978232142579868, -0.7278964954758212, -5.742850505578564, 2.9241839031462873, 4.096394736639643, 0.13745463271253902, -1.420691670661154, 0.8654821389780862, 1.7350762642584445, -1.2299342359575112, 4.103225059462372], [-0.4580577004492582, 7.053399956555965, 2.6786748699550293, 0.24489563635494327, -2.1466489167518064, 1.6591993999588108, -0.3072477807809703, -3.9268874577407242, -2.130379100458608, 2.582549354705568, 1.8366338218691773, -0.8971630975669908], [-0.08208610398106407, 0.19035824446811622, -6.070748153336231, 4.81926818981612, 1.7006410733950355, 1.1857784046262956, -0.0295200875589922, -1.903031178042552, -4.702307399033446, -1.1454035616921117, -2.0343884324196604, -2.182672185398653], [2.5132531719417313, 4.702292328311472, -2.685473164792066, -1.453198020333493, 1.6071223590297876, -1.8338273633160738, 2.025136596957848, -1.649237218094557, -1.963369622377842, 3.3276593015405513, 4.140413705248288, -1.3916126222857514], [1.191868189186548, -2.279683329272898, 3.8518838762978462, -0.4636572807731493, -2.1560347975884913, -1.7777558773943207, -1.3188499537425706, -1.8636978895355079, -1.4320462261119293, 1.3531917638720532, -1.7845171876123478, -2.4737164468034614], [1.2980431524406544, -0.612259094417291, 0.9646792747158816, -0.7479815734383297, 1.4329859573840946, -2.257863176685719, 2.701907182198068, 6.524179180874363, -0.11986755558711625, 1.0908529618238307, 3.597807907014046, 0.4746195491829867], [1.8282263111015369, -4.1024433898589985, -0.5980313070681748, -2.5705228278387944, 1.0622235826337925, -3.369797246672421, 1.361557096701411, -5.673146936303129, -4.670230983929133, -2.3399292986707447, -3.4508878584483162, 0.5803604588113885], [0.13291340674057497, 2.3704174963257243, 6.469073999168317, -4.317746259003819, 0.3049305973096714, -0.7808347016259625, -0.2154964436823313, 0.9051527150836216, 1.9302522904143324, -2.4507934772142703, -3.476376506538684, 0.5046031998359131], [0.9881111452000085, 5.520833439202581, 3.630762313500877, -0.2584529165905991, 2.5215100515463384, -0.6381992485350229, -3.1499053694140873, -0.0798579418751081, -5.326470304426856, 1.655478115324175, 1.3070397571216241, 0.8196331127203811], [1.632539182588059, 0.19821322571336902, -1.5576815855157837, -0.718725840545471, 0.8279560636251504, -1.1577569502437388, -4.099808266991903, 1.6458697914443112, -1.9519589594325306, -2.1070187994874274, -3.2569004102050236, -4.150250446105446], [3.009105270680036, -2.07986919379015, 0.42277424365572425, -1.5898305215330504, -0.8197212922074895, -3.3701971540883298, -2.6836984686558214, 1.8186779939999294, -1.0923931730541465, -3.5356107602885722, -0.062142375757048146, 4.378448756094969], [-1.4987040410556316, -0.5959736621881451, -2.5342712688187157, -1.0239988078701987, -5.2112095073215, -1.2998070872194032, 1.5108484070744035, -1.787840440977839, -0.7125221680533245, -3.403610319126415, 3.9737737169931275, 1.310392956177286], [-0.18146976956638597, -2.0180217787850117, 1.1237667457229659, 2.9878223996408177, -0.7747872794983325, 1.4511768312356053, 2.4111504727614554, 1.7757587345491168, -1.8760593765142206, -0.9798838659342181, 0.9729269954485937, -0.45618968251056546], [-5.222124623337792, -1.6415136632095106, -4.419432561604238, -0.08917938499444732, 1.9579844216948006, 1.5502961120085126, 0.19964381333429132, -3.081874612512817, 0.04503439178343466, 0.6426770970695851, -0.36873510564766665, 1.3402539301870287], [0.5583987585676473, 0.9684468526870625, 2.566610472781406, 3.450304248456658, 3.9398903634101434, -0.7031459594698979, -5.465527396455848, 3.133744721867861, 5.121025157949839, -4.346996819424042, 2.4722303257734817, -5.18862280105141], [3.4913151175205726, 2.3305437807564617, 0.06410288303444221, 1.665426164347074, 4.354680534541061, 0.9032753272163098, -0.5518076275412115, -1.5381143134981548, 2.6077653531909024, 0.11983254192343501, -0.4891583560961626, -3.038732864873868], [-3.400061669505546, -1.575954209134845, -4.743447847433441, -4.000498957316184, 1.7519195374949836, 3.1984447498791897, -0.24503223507613342, -2.3931179634672044, 1.9967294258641475, 1.208253468235948, 1.630127081215682, 1.9364104512784592], [1.893924390448229, 3.148613120288361, -0.2313413946769485, -0.3633819763976077, 1.8372136830945867, 0.8796067087407541, 1.9071781025038832, -1.6327828613560154, 1.5611345663746266, -0.2392344184709763, 4.606520611504662, -6.536693990202297], [-0.026108192099210573, -1.759845195948189, 0.8213827199040723, -5.192531132174788, 5.090530502849924, 1.8800470434368908, -0.5856346521614783, -3.0705801082953994, -0.892345462973897, -2.4183656789276657, 1.4410507689486936, 2.3921795034371844], [4.651809026944766, 3.0533986226472667, -3.941889056781806, -0.029566544739666828, -4.205152456767026, 4.399923345406365, -1.1193817651008724, -2.9544290842327308, -1.2233692807620116, 0.09068273492060056, -1.9938146147720879, -4.865383422067032], [-3.9670889381704093, 0.3728119727059194, 1.0413070522887713, -0.3950770590455391, -3.710931985724964, 1.6156373568071323, -0.3155681725791847, -3.6680033409503348, -3.9322811130359727, 0.6079363115328926, -3.7433974541581296, 1.523470118844895], [0.11457502541794003, -1.0086821694104684, -0.7760183443976968, -2.0111687826520996, 0.18952022703930999, 2.2020392853057658, -1.8759107170785896, -3.6694653159901427, -0.02757499501278737, -1.9248839545156933, 2.652482317966205, 1.0276210148117269], [-1.3042728587771755, 0.5215818415660937, 4.969584310296256, -2.4525889984511577, -2.1959036913414693, -1.4833797021302317, -2.318139314163032, -3.779013960451671, -0.6664719572949851, -2.3323340610731913, 0.5749961451021063, 0.4271266264053444], [2.7626901843198177, 4.185553290778359, 0.39039454079062885, -0.7662343522164881, -1.0689960535205814, 2.112646839856759, 0.7419535828287712, -1.2163819931913762, -1.5654269413709323, -4.0272912452921465, 3.873005414129332, 0.5491955771230095], [0.41322830985348, 1.5417710453708793, -0.6914923464544391, 1.3978160032643943, 0.22454564259845197, -3.1282936829537857, -6.473791159739614, 0.7760009085179749, -1.2859016780794992, 2.7433972356063134, -0.8388169339166117, 2.134325873418112], [-2.6248480222543917, 0.9013591884245183, 1.5985903056521689, 3.608715874604308, -2.0283831284927616, -5.58327061047021, -1.506480020258175, 2.694268384799243, 0.8888256622767794, 2.723587967224119, 0.3717689403533578, 1.8730389357796102], [2.774745184469213, 0.9024691145111446, -0.33875428848170275, 0.42499069824790164, 5.998228251758154, -4.1410546027090245, 1.8258801487742002, 1.8557192116584285, 0.19972817835225626, 1.0592933347131301, 1.9463289100838386, -0.3923400455474259], [2.2922799474271116, -4.6509761482046565, -0.6159073711840953, -0.36523399235149934, -0.7977896305314093, 0.9251655736046893, -0.17741626222511428, -0.7417745514979078, -2.721883683139955, -4.429104628646051, 0.4124021984451674, -3.1948742142707593], [2.4084035158317865, 0.8081450400168232, 5.372843847048462, -0.9959903653073724, 2.6483579337987146, -1.1497030052424897, -0.6526020042972664, 0.8292040500389531, -2.4186431501087973, 3.0292739613027493, 0.6999882281719668, 4.201905758329281], [-0.03829554763231662, 3.058519417860569, 3.210938944001847, 5.859349817036375, -2.7297452137592146, -0.9459219933673152, 0.3624317249460958, 2.3031409044194184, 3.236668623525574, -1.9073599944123396, -2.0282220522992405, 0.005970678452204884], [-0.8651348228896747, -0.21880978971105183, 3.8365563730222187, 0.9689042329714904, -4.073822017460879, 1.3499450786385074, -2.3433686106465275, -1.5689133190245685, 3.6201934655239643, 0.1593207264564531, 4.827324867424655, -0.4992763827896995], [-1.79220887083815, 0.2312126611702072, -3.8662831598832357, -3.590472901653054, 4.078613546056151, -3.1505942958598125, 4.352729030730293, -0.21057866151514593, -0.3185599375406587, 2.2314055085624185, 2.9028000898713997, 0.6209420414264162], [6.95350258414311, 0.6025690410024038, 1.5280736414142928, -4.663064954572332, -2.9310652421193724, -0.1707635371462448, -0.7363869738301678, -3.4799942872561274, 3.3758548488122058, -0.8372895661724743, -1.4562372418241118, 1.4287746645639077], [-1.297886649027957, -0.33105432320818196, 0.8857476188488983, -4.36373877966858, 0.02275307285688375, 2.898106404308496, -2.21456125732609, 1.6476807547324854, -3.2313917459717922, -3.6147298225741533, -0.11950426224828509, -0.20887429087729575], [1.0613687749575895, -0.7710423801357331, -0.5701197877791938, -1.3352051458583007, -2.190128777499529, 7.160455985737789, -2.147574061261274, -1.585998731751631, 0.35567796929705187, -1.5698145257838976, 3.5644340113864836, 0.5630924540332365], [2.2534068068683433, -2.370925003109334, -1.3907360373529758, -0.9876719809198505, -3.112516347301839, -5.2844859321430935, -0.6469263208827631, -0.9542715459944016, -2.0502413187357913, -0.9289676252916597, -0.5863267492074374, -1.0615438025690667], [1.4427320109599007, -3.1177867277337987, -2.1306006322911566, 1.2544212817106923, 2.018525454366557, -0.1481687140520654, 3.7011859103463456, -1.6042896105942663, -5.106727377068782, 0.729985455741074, 2.139566047973702, -4.588767513715862], [0.8225267710599653, 1.889073011423541, -0.5561365372389285, 4.745818429665944, 0.9597585646608217, 0.29621899399527357, 2.177088399683975, -0.057314380588300996, -1.5199276770399042, -3.6855154783915167, 1.03128836613125, -1.490476813205492], [0.3145077759118433, -0.050183930095815725, 2.1224006950640457, 7.235737395744964, -1.952784240684593, 1.9819803037470665, 0.22011627496734182, 1.743457272731288, 2.5207024417319874, -2.846191298991048, 1.3392500570379218, -0.11234633028473287], [5.486089011087985, -5.206317638426612, -1.0688457266987301, -1.0092518317986756, -1.6897331984508985, -1.8514056192847421, -1.9698432504546242, 2.8294228888138977, 1.439409867613984, -3.2961913602641206, -2.35535524503513, 0.49453912174784637], [-3.3814674897650523, 3.729800634305886, 2.5177084957872276, -1.2408753037097036, -2.0772352972527255, 4.844166862600585, -0.015150281088635939, -2.5964223912678586, 0.7235468629872379, -4.263221759040582, 1.4680640495106245, 1.4181062302878369], [-1.9670060991250924, 3.8543385881331824, 1.3114915832670218, 1.1987763765207446, -0.07834996079237726, 0.03282624219073014, 0.14888870820847747, 2.058654193501606, 4.018095315599045, -0.7925315060945364, 0.7168870547496181, 0.0651057193920218], [-1.6886441615321608, 2.9236055360164412, 0.6759073653649682, 1.6669087986798996, -0.7811661195384505, -0.9926969796086379, -0.5370979617268539, -0.8392654113545361, 5.927690556740303, -1.555237965961376, 0.6470059665613456, -4.163393563987532]] 

final output_weight is  [[1.5543558037707044, -1.8748160120709096, 1.5383771790218945, -2.600849280151407, -1.948592449576735, 2.667130522807681, -0.3298898094144841, 1.1492446834205492, 2.341383654260023, -1.5634309664786687, 1.8218001793787648, -3.232616326565655, 3.3922282448621197, 2.140628330160548, -2.4822116851249327, 1.0720739782340576, -2.6284242864504783, 3.635121405542809, 2.9576940410925734, -1.6628428026231417, 3.0368638897289273, -2.324811266400115, 2.59856253851144, 3.6289791341322863, 1.707855038856544, -3.078581738774022, 3.790108194394031, 0.09675585639059467, -1.8888102143204257, 3.6983664002443786, 2.405333192222474, 2.8514856321190463, -3.272178403667695, 2.6293462692533174, -2.6457656041296773, 2.5383444307776823, -3.6668007242408183, 3.2496260359817475, 2.3739631096986047, -3.0266531134753607, -1.2322145274876593, 2.04363083025261, -2.51943985084016, -3.136960508773484, -3.4205282696150068, -2.977526217192085, -2.3762583496668976, -0.1356627976873362, 2.330945014780671, -2.61844728492289, 0.640529306919728, -1.9006569454892688, 1.6614045199339365, -1.835015002261905, 3.209376277725258, 3.018841455330789, -0.6700645989212416, -2.294417375110601, 5.425355152544548], [-2.3432156346428648, 1.8574878882494699, -3.253850474881182, 2.720936870500173, 3.105691881751886, -3.151604535469813, -0.28819115649579524, -2.220013355965209, -2.331517297833456, 2.588678159755645, -3.1047919510176367, 2.3857256653844683, -3.932709862124501, -2.618911783682592, 2.6860684637903898, 0.47615532797533683, 3.348246865392856, -3.967723762718458, -3.3044562175311594, 1.072283914752767, -1.5677610171325875, 3.7420697891038337, -2.6575148629259937, -2.669399402182112, -2.7542503613267515, 2.8546098817866397, -2.567505083450673, -1.9297695847004832, 2.5206356383100497, -3.2762450371196445, -1.9341535227020565, -4.656753578076519, 1.0893803915340947, -3.525569594040338, 2.746211347124503, -2.819317403577204, 1.9339013994419725, -2.8465662600152997, -2.872335049471064, 2.4765278430837623, 2.5868678304455335, -2.066295800792333, 1.7486711459386686, 2.40579431899078, 1.2336677162743306, 2.533989214006131, 2.318275082128031, 2.034645138866473, -1.1455144421673296, 3.276126849261505, 0.9068093562712278, 2.911201502783836, -1.671882445239131, 2.8999191946235814, -2.563732096205631, -3.3969012392637876, 1.4179140752779638, 2.7196715330184573, -8.503341799833674], [2.593475290138553, 1.035381945699986, 1.6961469491842822, 1.0121227122007244, -2.239318272227298, 0.6027518682625518, 2.417574279500318, 3.246272868644138, -2.5720598491813287, -2.9663091667957655, 3.7086760690594236, 0.8770251176442132, 1.7595126119423796, 1.2920513968123655, -1.2155736048221806, -3.5211089655840264, -1.5683452142537087, 1.6906202261781593, 1.1076676799595249, 1.6467214029534585, -4.066352945174558, -3.113811436314444, -0.13606257924108844, -1.2852196461510548, -0.3622037533448847, 0.6419881712424622, 0.4701496071417997, 1.7483696740186851, -2.122631408162568, -0.0348627150058575, 1.2865492121179118, 1.902972858138297, 3.982765965977518, 3.145223038192514, -1.1069056860213067, 2.8256437615556003, 0.5328719806047727, -0.1969831267918988, 1.1011631096861108, 0.448309278616327, -3.206808750138672, 0.2015025918698939, 2.4486659322957136, 2.265454636413341, 4.722249431109782, 1.472581467917599, 0.29395990963190716, -4.426216581968722, -3.0887536831816385, -1.0126282297011766, -3.359200507001653, -2.0113460228515287, 0.5347549118205497, -2.2772721742807316, 0.6103068511248263, -0.2806270211693093, -3.5468518895593797, 1.8362294828086787, -8.57166128702939]] 

Start the testing phase

final Training epoch is: 264

final Training Sum error is: 49.90666011249259

final Training Mean squared error is: 0.024853914398651686

8.6,0.23,0.4,4.2,0.035,17,109,0.9947,3.14,0.53,9.7,5
8.6,0.23,0.4,4.2,0.035,17,109,0.9947,3.14,0.53,9.7,5
8.3,0.42,0.62,19.25,0.04,41,172,1.0002,2.98,0.67,9.7,5
8.3,0.42,0.62,19.25,0.04,41,172,1.0002,2.98,0.67,9.7,5
6.5,0.31,0.14,7.5,0.044,34,133,0.9955,3.22,0.5,9.5,5
6.5,0.31,0.14,7.5,0.044,34,133,0.9955,3.22,0.5,9.5,5
6.8,0.26,0.42,1.7,0.049,41,122,0.993,3.47,0.48,10.5,8
6.8,0.26,0.42,1.7,0.049,41,122,0.993,3.47,0.48,10.5,8
7.6,0.67,0.14,1.5,0.074,25,168,0.9937,3.05,0.51,9.3,5
7.6,0.67,0.14,1.5,0.074,25,168,0.9937,3.05,0.51,9.3,5
5.8,0.27,0.2,14.95,0.044,22,179,0.9962,3.37,0.37,10.2,5
5.8,0.27,0.2,14.95,0.044,22,179,0.9962,3.37,0.37,10.2,5
7.3,0.28,0.43,1.7,0.08,21,123,0.9905,3.19,0.42,12.8,5
7.3,0.28,0.43,1.7,0.08,21,123,0.9905,3.19,0.42,12.8,5
6.5,0.39,0.23,5.4,0.051,25,149,0.9934,3.24,0.35,10,5
6.5,0.39,0.23,5.4,0.051,25,149,0.9934,3.24,0.35,10,5
7.3,0.24,0.39,17.95,0.057,45,149,0.9999,3.21,0.36,8.6,5
7.3,0.24,0.39,17.95,0.057,45,149,0.9999,3.21,0.36,8.6,5
7.3,0.24,0.39,17.95,0.057,45,149,0.9999,3.21,0.36,8.6,5
7.3,0.24,0.39,17.95,0.057,45,149,0.9999,3.21,0.36,8.6,5
6.2,0.46,0.25,4.4,0.066,62,207,0.9939,3.25,0.52,9.8,5
6.2,0.46,0.25,4.4,0.066,62,207,0.9939,3.25,0.52,9.8,5
6.9,0.19,0.35,5,0.067,32,150,0.995,3.36,0.48,9.8,5
6.9,0.19,0.35,5,0.067,32,150,0.995,3.36,0.48,9.8,5
7,0.47,0.07,1.1,0.035,17,151,0.991,3.02,0.34,10.5,5
7,0.47,0.07,1.1,0.035,17,151,0.991,3.02,0.34,10.5,5
6.2,0.35,0.03,1.2,0.064,29,120,0.9934,3.22,0.54,9.1,5
6.2,0.35,0.03,1.2,0.064,29,120,0.9934,3.22,0.54,9.1,5
6.7,0.25,0.13,1.2,0.041,81,174,0.992,3.14,0.42,9.8,5
6.7,0.25,0.13,1.2,0.041,81,174,0.992,3.14,0.42,9.8,5
7.4,0.24,0.29,10.1,0.05,21,105,0.9962,3.13,0.35,9.5,5
7.4,0.24,0.29,10.1,0.05,21,105,0.9962,3.13,0.35,9.5,5
6.8,0.3,0.23,4.6,0.061,50.5,238.5,0.9958,3.32,0.6,9.5,5
6.8,0.3,0.23,4.6,0.061,50.5,238.5,0.9958,3.32,0.6,9.5,5
6,0.27,0.28,4.8,0.063,31,201,0.9964,3.69,0.71,10,5
6,0.27,0.28,4.8,0.063,31,201,0.9964,3.69,0.71,10,5
7.4,0.24,0.29,10.1,0.05,21,105,0.9962,3.13,0.35,9.5,5
7.4,0.24,0.29,10.1,0.05,21,105,0.9962,3.13,0.35,9.5,5
7.4,0.18,0.3,8.8,0.064,26,103,0.9961,2.94,0.56,9.3,5
7.4,0.18,0.3,8.8,0.064,26,103,0.9961,2.94,0.56,9.3,5
6.7,0.54,0.28,5.4,0.06,21,105,0.9949,3.27,0.37,9,5
6.7,0.54,0.28,5.4,0.06,21,105,0.9949,3.27,0.37,9,5
7.1,0.34,0.2,6.1,0.063,47,164,0.9946,3.17,0.42,10,5
7.1,0.34,0.2,6.1,0.063,47,164,0.9946,3.17,0.42,10,5
7.1,0.43,0.61,11.8,0.045,54,155,0.9974,3.11,0.45,8.7,5
7.1,0.43,0.61,11.8,0.045,54,155,0.9974,3.11,0.45,8.7,5
7.1,0.43,0.61,11.8,0.045,54,155,0.9974,3.11,0.45,8.7,5
7.1,0.43,0.61,11.8,0.045,54,155,0.9974,3.11,0.45,8.7,5
6.1,0.27,0.43,7.5,0.049,65,243,0.9957,3.12,0.47,9,5
6.1,0.27,0.43,7.5,0.049,65,243,0.9957,3.12,0.47,9,5
7.4,0.25,0.37,13.5,0.06,52,192,0.9975,3,0.44,9.1,5
7.4,0.25,0.37,13.5,0.06,52,192,0.9975,3,0.44,9.1,5
7.1,0.12,0.32,9.6,0.054,64,162,0.9962,3.4,0.41,9.4,5
7.1,0.12,0.32,9.6,0.054,64,162,0.9962,3.4,0.41,9.4,5
6,0.21,0.24,12.1,0.05,55,164,0.997,3.34,0.39,9.4,5
6,0.21,0.24,12.1,0.05,55,164,0.997,3.34,0.39,9.4,5
7.5,0.305,0.4,18.9,0.059,44,170,1,2.99,0.46,9,5
7.5,0.305,0.4,18.9,0.059,44,170,1,2.99,0.46,9,5
7.4,0.25,0.37,13.5,0.06,52,192,0.9975,3,0.44,9.1,5
7.4,0.25,0.37,13.5,0.06,52,192,0.9975,3,0.44,9.1,5
7.1,0.12,0.32,9.6,0.054,64,162,0.9962,3.4,0.41,9.4,5
7.1,0.12,0.32,9.6,0.054,64,162,0.9962,3.4,0.41,9.4,5
6.9,0.33,0.28,1.3,0.051,37,187,0.9927,3.27,0.6,10.3,5
6.9,0.33,0.28,1.3,0.051,37,187,0.9927,3.27,0.6,10.3,5
7.2,0.27,0.46,18.75,0.052,45,255,1,3.04,0.52,8.9,5
7.2,0.27,0.46,18.75,0.052,45,255,1,3.04,0.52,8.9,5
7.2,0.31,0.5,13.3,0.056,68,195,0.9982,3.01,0.47,9.2,5
7.2,0.31,0.5,13.3,0.056,68,195,0.9982,3.01,0.47,9.2,5
6.7,0.41,0.34,9.2,0.049,29,150,0.9968,3.22,0.51,9.1,5
6.7,0.41,0.34,9.2,0.049,29,150,0.9968,3.22,0.51,9.1,5
6.7,0.41,0.34,9.2,0.049,29,150,0.9968,3.22,0.51,9.1,5
6.7,0.41,0.34,9.2,0.049,29,150,0.9968,3.22,0.51,9.1,5
7.2,0.31,0.5,13.3,0.056,68,195,0.9982,3.01,0.47,9.2,5
7.2,0.31,0.5,13.3,0.056,68,195,0.9982,3.01,0.47,9.2,5
7.3,0.32,0.48,13.3,0.06,57,196,0.9982,3.04,0.5,9.2,5
7.3,0.32,0.48,13.3,0.06,57,196,0.9982,3.04,0.5,9.2,5
5.9,0.36,0.04,5.7,0.046,21,87,0.9934,3.22,0.51,10.2,5
5.9,0.36,0.04,5.7,0.046,21,87,0.9934,3.22,0.51,10.2,5
7.8,0.24,0.32,12.2,0.054,42,138,0.9984,3.01,0.54,8.8,5
7.8,0.24,0.32,12.2,0.054,42,138,0.9984,3.01,0.54,8.8,5
7.4,0.16,0.31,6.85,0.059,31,131,0.9952,3.29,0.34,9.7,5
7.4,0.16,0.31,6.85,0.059,31,131,0.9952,3.29,0.34,9.7,5
7.4,0.39,0.23,7,0.033,29,126,0.994,3.14,0.42,10.5,5
7.4,0.39,0.23,7,0.033,29,126,0.994,3.14,0.42,10.5,5
6.1,0.3,0.56,2.8,0.044,47,179,0.9924,3.3,0.57,10.9,7
6.1,0.3,0.56,2.8,0.044,47,179,0.9924,3.3,0.57,10.9,7
5.7,0.26,0.25,10.4,0.02,7,57,0.994,3.39,0.37,10.6,5
5.7,0.26,0.25,10.4,0.02,7,57,0.994,3.39,0.37,10.6,5
6.5,0.425,0.4,13.1,0.038,59,241,0.9979,3.23,0.57,9,5
6.5,0.425,0.4,13.1,0.038,59,241,0.9979,3.23,0.57,9,5
6.6,0.24,0.27,15.8,0.035,46,188,0.9982,3.24,0.51,9.2,5
6.6,0.24,0.27,15.8,0.035,46,188,0.9982,3.24,0.51,9.2,5
6.8,0.27,0.22,8.1,0.034,55,203,0.9961,3.19,0.52,8.9,5
6.8,0.27,0.22,8.1,0.034,55,203,0.9961,3.19,0.52,8.9,5
6.7,0.27,0.31,15.7,0.036,44,179,0.9979,3.26,0.56,9.6,5
6.7,0.27,0.31,15.7,0.036,44,179,0.9979,3.26,0.56,9.6,5
7.1,0.37,0.67,10.5,0.045,49,155,0.9975,3.16,0.44,8.7,5
7.1,0.37,0.67,10.5,0.045,49,155,0.9975,3.16,0.44,8.7,5
6.3,0.31,0.34,2.2,0.045,20,77,0.9927,3.3,0.43,10.2,5
6.3,0.31,0.34,2.2,0.045,20,77,0.9927,3.3,0.43,10.2,5
7.1,0.37,0.67,10.5,0.045,49,155,0.9975,3.16,0.44,8.7,5
7.1,0.37,0.67,10.5,0.045,49,155,0.9975,3.16,0.44,8.7,5
7.2,0.18,0.41,1.2,0.048,41,97,0.9919,3.14,0.45,10.4,5
7.2,0.18,0.41,1.2,0.048,41,97,0.9919,3.14,0.45,10.4,5
6.4,0.22,0.56,14.5,0.055,27,159,0.998,2.98,0.4,9.1,5
6.4,0.22,0.56,14.5,0.055,27,159,0.998,2.98,0.4,9.1,5
6.3,0.36,0.3,4.8,0.049,14,85,0.9932,3.28,0.39,10.6,5
6.3,0.36,0.3,4.8,0.049,14,85,0.9932,3.28,0.39,10.6,5
6.7,0.24,0.35,13.1,0.05,64,205,0.997,3.15,0.5,9.5,5
6.7,0.24,0.35,13.1,0.05,64,205,0.997,3.15,0.5,9.5,5
7,0.23,0.36,13,0.051,72,177,0.9972,3.16,0.49,9.8,5
7,0.23,0.36,13,0.051,72,177,0.9972,3.16,0.49,9.8,5
7.5,0.29,0.31,8.95,0.055,20,151,0.9968,3.08,0.54,9.3,5
7.5,0.29,0.31,8.95,0.055,20,151,0.9968,3.08,0.54,9.3,5
9.8,0.42,0.48,9.85,0.034,5,110,0.9958,2.87,0.29,10,5
9.8,0.42,0.48,9.85,0.034,5,110,0.9958,2.87,0.29,10,5
7.5,0.27,0.31,17.7,0.051,33,173,0.999,3.09,0.64,10.2,5
7.5,0.27,0.31,17.7,0.051,33,173,0.999,3.09,0.64,10.2,5
5.9,0.23,0.3,12.9,0.054,57,170,0.9972,3.28,0.39,9.4,5
5.9,0.23,0.3,12.9,0.054,57,170,0.9972,3.28,0.39,9.4,5
7.1,0.34,0.15,1.2,0.053,61,183,0.9936,3.09,0.43,9.2,5
7.1,0.34,0.15,1.2,0.053,61,183,0.9936,3.09,0.43,9.2,5
6.8,0.28,0.4,22,0.048,48,167,1.001,2.93,0.5,8.7,5
6.8,0.28,0.4,22,0.048,48,167,1.001,2.93,0.5,8.7,5
6.8,0.26,0.56,11.9,0.043,64,226,0.997,3.02,0.63,9.3,5
6.8,0.26,0.56,11.9,0.043,64,226,0.997,3.02,0.63,9.3,5
6.8,0.29,0.56,11.9,0.043,66,230,0.9972,3.02,0.63,9.3,5
6.8,0.29,0.56,11.9,0.043,66,230,0.9972,3.02,0.63,9.3,5
5.9,0.3,0.23,4.2,0.038,42,119,0.9924,3.15,0.5,11,5
5.9,0.3,0.23,4.2,0.038,42,119,0.9924,3.15,0.5,11,5
6.8,0.28,0.4,22,0.048,48,167,1.001,2.93,0.5,8.7,5
6.8,0.28,0.4,22,0.048,48,167,1.001,2.93,0.5,8.7,5
6.6,0.15,0.34,5.1,0.055,34,125,0.9942,3.36,0.42,9.6,5
6.6,0.15,0.34,5.1,0.055,34,125,0.9942,3.36,0.42,9.6,5
6.4,0.29,0.44,3.6,0.2,75,181,0.9942,3.02,0.41,9.1,5
6.4,0.29,0.44,3.6,0.2,75,181,0.9942,3.02,0.41,9.1,5
6.4,0.29,0.44,3.6,0.197,75,183,0.9942,3.01,0.38,9.1,5
6.4,0.29,0.44,3.6,0.197,75,183,0.9942,3.01,0.38,9.1,5
6.8,0.26,0.24,7.8,0.052,54,214,0.9961,3.13,0.47,8.9,5
6.8,0.26,0.24,7.8,0.052,54,214,0.9961,3.13,0.47,8.9,5
7.1,0.32,0.24,13.1,0.05,52,204,0.998,3.1,0.49,8.8,5
7.1,0.32,0.24,13.1,0.05,52,204,0.998,3.1,0.49,8.8,5
6.8,0.26,0.24,7.8,0.052,54,214,0.9961,3.13,0.47,8.9,5
6.8,0.26,0.24,7.8,0.052,54,214,0.9961,3.13,0.47,8.9,5
6.8,0.27,0.26,16.1,0.049,55,196,0.9984,3.15,0.5,9.3,5
6.8,0.27,0.26,16.1,0.049,55,196,0.9984,3.15,0.5,9.3,5
7.1,0.32,0.24,13.1,0.05,52,204,0.998,3.1,0.49,8.8,5
7.1,0.32,0.24,13.1,0.05,52,204,0.998,3.1,0.49,8.8,5
6.9,0.54,0.32,13.2,0.05,53,236,0.9973,3.2,0.5,9.6,5
6.9,0.54,0.32,13.2,0.05,53,236,0.9973,3.2,0.5,9.6,5
6.4,0.21,0.5,11.6,0.042,45,153,0.9972,3.15,0.43,8.8,5
6.4,0.21,0.5,11.6,0.042,45,153,0.9972,3.15,0.43,8.8,5
7,0.16,0.32,8.3,0.045,38,126,0.9958,3.21,0.34,9.2,5
7,0.16,0.32,8.3,0.045,38,126,0.9958,3.21,0.34,9.2,5
6.8,0.57,0.29,2.2,0.04,15,77,0.9938,3.32,0.74,10.2,5
6.8,0.57,0.29,2.2,0.04,15,77,0.9938,3.32,0.74,10.2,5
5.6,0.245,0.25,9.7,0.032,12,68,0.994,3.31,0.34,10.5,5
5.6,0.245,0.25,9.7,0.032,12,68,0.994,3.31,0.34,10.5,5
7,0.16,0.32,8.3,0.045,38,126,0.9958,3.21,0.34,9.2,5
7,0.16,0.32,8.3,0.045,38,126,0.9958,3.21,0.34,9.2,5
5.8,0.26,0.24,9.2,0.044,55,152,0.9961,3.31,0.38,9.4,5
5.8,0.26,0.24,9.2,0.044,55,152,0.9961,3.31,0.38,9.4,5
7.5,0.27,0.36,7,0.036,45,164,0.9939,3.03,0.33,11,5
7.5,0.27,0.36,7,0.036,45,164,0.9939,3.03,0.33,11,5
5.8,0.26,0.24,9.2,0.044,55,152,0.9961,3.31,0.38,9.4,5
5.8,0.26,0.24,9.2,0.044,55,152,0.9961,3.31,0.38,9.4,5
5.7,0.28,0.24,17.5,0.044,60,167,0.9989,3.31,0.44,9.4,5
5.7,0.28,0.24,17.5,0.044,60,167,0.9989,3.31,0.44,9.4,5
7.5,0.23,0.36,7,0.036,43,161,0.9938,3.04,0.32,11,5
7.5,0.23,0.36,7,0.036,43,161,0.9938,3.04,0.32,11,5
7.5,0.27,0.36,7,0.036,45,164,0.9939,3.03,0.33,11,5
7.5,0.27,0.36,7,0.036,45,164,0.9939,3.03,0.33,11,5
7.1,0.24,0.41,17.8,0.046,39,145,0.9998,3.32,0.39,8.7,5
7.1,0.24,0.41,17.8,0.046,39,145,0.9998,3.32,0.39,8.7,5
7.1,0.24,0.41,17.8,0.046,39,145,0.9998,3.32,0.39,8.7,5
7.1,0.24,0.41,17.8,0.046,39,145,0.9998,3.32,0.39,8.7,5
7.3,0.32,0.23,13.7,0.05,49,197,0.9985,3.2,0.46,8.7,5
7.3,0.32,0.23,13.7,0.05,49,197,0.9985,3.2,0.46,8.7,5
7.7,0.31,0.26,7.8,0.031,23,90,0.9944,3.13,0.5,10.4,5
7.7,0.31,0.26,7.8,0.031,23,90,0.9944,3.13,0.5,10.4,5
7.1,0.21,0.37,2.4,0.026,23,100,0.9903,3.15,0.38,11.4,7
7.1,0.21,0.37,2.4,0.026,23,100,0.9903,3.15,0.38,11.4,7
6.9,0.4,0.56,11.2,0.043,40,142,0.9975,3.14,0.46,8.7,5
6.9,0.4,0.56,11.2,0.043,40,142,0.9975,3.14,0.46,8.7,5
6.1,0.41,0.14,10.4,0.037,18,119,0.996,3.38,0.45,10,5
6.1,0.41,0.14,10.4,0.037,18,119,0.996,3.38,0.45,10,5
6.9,0.4,0.56,11.2,0.043,40,142,0.9975,3.14,0.46,8.7,5
6.9,0.4,0.56,11.2,0.043,40,142,0.9975,3.14,0.46,8.7,5
6.9,0.29,0.4,19.45,0.043,36,156,0.9996,2.93,0.47,8.9,5
6.9,0.29,0.4,19.45,0.043,36,156,0.9996,2.93,0.47,8.9,5
6.9,0.28,0.4,8.2,0.036,15,95,0.9944,3.17,0.33,10.2,5
6.9,0.28,0.4,8.2,0.036,15,95,0.9944,3.17,0.33,10.2,5
6.9,0.29,0.4,19.45,0.043,36,156,0.9996,2.93,0.47,8.9,5
6.9,0.29,0.4,19.45,0.043,36,156,0.9996,2.93,0.47,8.9,5
5.3,0.58,0.07,6.9,0.043,34,149,0.9944,3.34,0.57,9.7,5
5.3,0.58,0.07,6.9,0.043,34,149,0.9944,3.34,0.57,9.7,5
5.2,0.6,0.07,7,0.044,33,147,0.9944,3.33,0.58,9.7,5
5.2,0.6,0.07,7,0.044,33,147,0.9944,3.33,0.58,9.7,5
5.8,0.25,0.26,13.1,0.051,44,148,0.9972,3.29,0.38,9.3,5
5.8,0.25,0.26,13.1,0.051,44,148,0.9972,3.29,0.38,9.3,5
6.6,0.58,0.3,5.1,0.057,30,123,0.9949,3.24,0.38,9,5
6.6,0.58,0.3,5.1,0.057,30,123,0.9949,3.24,0.38,9,5
7,0.29,0.54,10.7,0.046,59,234,0.9966,3.05,0.61,9.5,5
7,0.29,0.54,10.7,0.046,59,234,0.9966,3.05,0.61,9.5,5
7.7,0.26,0.4,1.1,0.042,9,60,0.9915,2.89,0.5,10.6,5
7.7,0.26,0.4,1.1,0.042,9,60,0.9915,2.89,0.5,10.6,5
6.7,0.34,0.3,15.6,0.054,51,196,0.9982,3.19,0.49,9.3,5
6.7,0.34,0.3,15.6,0.054,51,196,0.9982,3.19,0.49,9.3,5
7.1,0.35,0.24,15.4,0.055,46,198,0.9988,3.12,0.49,8.8,5
7.1,0.35,0.24,15.4,0.055,46,198,0.9988,3.12,0.49,8.8,5
7.3,0.32,0.25,7.2,0.056,47,180,0.9961,3.08,0.47,8.8,5
7.3,0.32,0.25,7.2,0.056,47,180,0.9961,3.08,0.47,8.8,5
7.4,0.28,0.42,19.8,0.066,53,195,1,2.96,0.44,9.1,5
7.4,0.28,0.42,19.8,0.066,53,195,1,2.96,0.44,9.1,5
8.3,0.39,0.7,10.6,0.045,33,169,0.9976,3.09,0.57,9.4,5
8.3,0.39,0.7,10.6,0.045,33,169,0.9976,3.09,0.57,9.4,5
7.2,0.43,0.24,6.7,0.058,40,163,0.995,3.2,0.41,9.9,5
7.2,0.43,0.24,6.7,0.058,40,163,0.995,3.2,0.41,9.9,5
6.1,0.36,0.27,2.1,0.035,16,100,0.9917,3.4,0.71,11.5,7
6.1,0.36,0.27,2.1,0.035,16,100,0.9917,3.4,0.71,11.5,7
5.8,0.34,0.21,6.6,0.04,50,167,0.9941,3.29,0.62,10,5
5.8,0.34,0.21,6.6,0.04,50,167,0.9941,3.29,0.62,10,5
8.3,0.41,0.51,2,0.046,11,207,0.993,3.02,0.55,11.4,5
8.3,0.41,0.51,2,0.046,11,207,0.993,3.02,0.55,11.4,5
7.5,0.27,0.31,5.8,0.057,131,313,0.9946,3.18,0.59,10.5,5
7.5,0.27,0.31,5.8,0.057,131,313,0.9946,3.18,0.59,10.5,5
7.2,0.21,0.41,1.3,0.036,33,85,0.992,3.17,0.51,10.4,5
7.2,0.21,0.41,1.3,0.036,33,85,0.992,3.17,0.51,10.4,5
6.8,0.24,0.34,4.6,0.032,37,135,0.9927,3.2,0.39,10.6,5
6.8,0.24,0.34,4.6,0.032,37,135,0.9927,3.2,0.39,10.6,5
6.5,0.28,0.34,9.9,0.038,30,133,0.9954,3.11,0.44,9.8,5
6.5,0.28,0.34,9.9,0.038,30,133,0.9954,3.11,0.44,9.8,5
5.6,0.26,0.26,5.7,0.031,12,80,0.9923,3.25,0.38,10.8,5
5.6,0.26,0.26,5.7,0.031,12,80,0.9923,3.25,0.38,10.8,5
5.9,0.26,0.4,1.3,0.047,12,139,0.9945,3.45,0.53,10.4,5
5.9,0.26,0.4,1.3,0.047,12,139,0.9945,3.45,0.53,10.4,5
5.4,0.31,0.47,3,0.053,46,144,0.9931,3.29,0.76,10,5
5.4,0.31,0.47,3,0.053,46,144,0.9931,3.29,0.76,10,5
7.1,0.365,0.14,1.2,0.055,24,84,0.9941,3.15,0.43,8.9,5
7.1,0.365,0.14,1.2,0.055,24,84,0.9941,3.15,0.43,8.9,5
7.1,0.39,0.35,12.5,0.044,26,72,0.9941,3.17,0.29,11.6,5
7.1,0.39,0.35,12.5,0.044,26,72,0.9941,3.17,0.29,11.6,5
6.6,0.905,0.19,0.8,0.048,17,204,0.9934,3.34,0.56,10,5
6.6,0.905,0.19,0.8,0.048,17,204,0.9934,3.34,0.56,10,5
6.3,0.39,0.35,5.9,0.04,82.5,260,0.9941,3.12,0.66,10.1,5
6.3,0.39,0.35,5.9,0.04,82.5,260,0.9941,3.12,0.66,10.1,5
6.5,0.36,0.32,1.1,0.031,13,66,0.9916,3.1,0.46,10.6,5
6.5,0.36,0.32,1.1,0.031,13,66,0.9916,3.1,0.46,10.6,5
6.8,0.37,0.51,11.8,0.044,62,163,0.9976,3.19,0.44,8.8,5
6.8,0.37,0.51,11.8,0.044,62,163,0.9976,3.19,0.44,8.8,5
6.8,0.27,0.12,1.3,0.04,87,168,0.992,3.18,0.41,10,5
6.8,0.27,0.12,1.3,0.04,87,168,0.992,3.18,0.41,10,5
8.2,0.28,0.42,1.8,0.031,30,93,0.9917,3.09,0.39,11.4,5
8.2,0.28,0.42,1.8,0.031,30,93,0.9917,3.09,0.39,11.4,5
5.9,0.26,0.27,18.2,0.048,52,168,0.9993,3.35,0.44,9.4,5
5.9,0.26,0.27,18.2,0.048,52,168,0.9993,3.35,0.44,9.4,5
6.8,0.37,0.51,11.8,0.044,62,163,0.9976,3.19,0.44,8.8,5
6.8,0.37,0.51,11.8,0.044,62,163,0.9976,3.19,0.44,8.8,5
6.1,0.35,0.07,1.4,0.069,22,108,0.9934,3.23,0.52,9.2,5
6.1,0.35,0.07,1.4,0.069,22,108,0.9934,3.23,0.52,9.2,5
7.1,0.27,0.31,18.2,0.046,55,252,1,3.07,0.56,8.7,5
7.1,0.27,0.31,18.2,0.046,55,252,1,3.07,0.56,8.7,5
6.8,0.27,0.12,1.3,0.04,87,168,0.992,3.18,0.41,10,5
6.8,0.27,0.12,1.3,0.04,87,168,0.992,3.18,0.41,10,5
6.9,0.49,0.24,1.2,0.049,13,125,0.9932,3.17,0.51,9.4,5
6.9,0.49,0.24,1.2,0.049,13,125,0.9932,3.17,0.51,9.4,5
8.2,0.28,0.42,1.8,0.031,30,93,0.9917,3.09,0.39,11.4,5
8.2,0.28,0.42,1.8,0.031,30,93,0.9917,3.09,0.39,11.4,5
7.2,0.19,0.39,1.2,0.036,32,85,0.9918,3.16,0.5,10.5,5
7.2,0.19,0.39,1.2,0.036,32,85,0.9918,3.16,0.5,10.5,5
7.2,0.19,0.39,1.2,0.036,32,85,0.9918,3.16,0.5,10.5,5
7.2,0.19,0.39,1.2,0.036,32,85,0.9918,3.16,0.5,10.5,5
6.8,0.26,0.22,7.7,0.047,57,210,0.9959,3.1,0.47,9,5
6.8,0.26,0.22,7.7,0.047,57,210,0.9959,3.1,0.47,9,5
6.8,0.29,0.5,13.3,0.053,48,194,0.9974,3.09,0.45,9.4,5
6.8,0.29,0.5,13.3,0.053,48,194,0.9974,3.09,0.45,9.4,5
7.8,0.21,0.27,1.2,0.051,20,89,0.9936,3.06,0.46,9.1,5
7.8,0.21,0.27,1.2,0.051,20,89,0.9936,3.06,0.46,9.1,5
7.1,0.31,0.47,13.6,0.056,54,197,0.9978,3.1,0.49,9.3,5
7.1,0.31,0.47,13.6,0.056,54,197,0.9978,3.1,0.49,9.3,5
6.8,0.29,0.5,13.3,0.053,48,194,0.9974,3.09,0.45,9.4,5
6.8,0.29,0.5,13.3,0.053,48,194,0.9974,3.09,0.45,9.4,5
6.4,0.34,0.1,1.1,0.048,19,84,0.9927,3.21,0.38,9.8,5
6.4,0.34,0.1,1.1,0.048,19,84,0.9927,3.21,0.38,9.8,5
6.1,0.28,0.32,2.5,0.042,23,218.5,0.9935,3.27,0.6,9.8,5
6.1,0.28,0.32,2.5,0.042,23,218.5,0.9935,3.27,0.6,9.8,5
6.2,0.35,0.04,1.2,0.06,23,108,0.9934,3.26,0.54,9.2,5
6.2,0.35,0.04,1.2,0.06,23,108,0.9934,3.26,0.54,9.2,5
5.8,0.28,0.27,2.6,0.054,30,156,0.9914,3.53,0.42,12.4,5
5.8,0.28,0.27,2.6,0.054,30,156,0.9914,3.53,0.42,12.4,5
7.2,0.6,0.2,9.9,0.07,21,174,0.9971,3.03,0.54,9.1,5
7.2,0.6,0.2,9.9,0.07,21,174,0.9971,3.03,0.54,9.1,5
7.1,0.21,0.27,8.6,0.056,26,111,0.9956,2.95,0.52,9.5,5
7.1,0.21,0.27,8.6,0.056,26,111,0.9956,2.95,0.52,9.5,5
6.1,0.43,0.35,9.1,0.059,83,249,0.9971,3.37,0.5,8.5,5
6.1,0.43,0.35,9.1,0.059,83,249,0.9971,3.37,0.5,8.5,5
7.1,0.21,0.27,8.6,0.056,26,111,0.9956,2.95,0.52,9.5,5
7.1,0.21,0.27,8.6,0.056,26,111,0.9956,2.95,0.52,9.5,5
7,0.25,0.29,15.2,0.047,40,171,0.9982,3.22,0.45,9.3,5
7,0.25,0.29,15.2,0.047,40,171,0.9982,3.22,0.45,9.3,5
5.9,0.25,0.19,12.4,0.047,50,162,0.9973,3.35,0.38,9.5,5
5.9,0.25,0.19,12.4,0.047,50,162,0.9973,3.35,0.38,9.5,5
7.2,0.39,0.62,11,0.047,66,178,0.9976,3.16,0.5,8.7,5
7.2,0.39,0.62,11,0.047,66,178,0.9976,3.16,0.5,8.7,5
6.3,0.21,0.58,10,0.081,34,126,0.9962,2.95,0.46,8.9,5
6.3,0.21,0.58,10,0.081,34,126,0.9962,2.95,0.46,8.9,5
7.2,0.39,0.62,11,0.047,66,178,0.9976,3.16,0.5,8.7,5
7.2,0.39,0.62,11,0.047,66,178,0.9976,3.16,0.5,8.7,5
7.2,0.29,0.53,18.15,0.047,59,182,0.9992,3.09,0.52,9.6,5
7.2,0.29,0.53,18.15,0.047,59,182,0.9992,3.09,0.52,9.6,5
6.5,0.38,0.34,3.4,0.036,34,200,0.9937,3.14,0.76,10,5
6.5,0.38,0.34,3.4,0.036,34,200,0.9937,3.14,0.76,10,5
6.7,0.47,0.34,8.9,0.043,31,172,0.9964,3.22,0.6,9.2,5
6.7,0.47,0.34,8.9,0.043,31,172,0.9964,3.22,0.6,9.2,5
5.8,0.25,0.24,13.3,0.044,41,137,0.9972,3.34,0.42,9.5,5
5.8,0.25,0.24,13.3,0.044,41,137,0.9972,3.34,0.42,9.5,5
6.7,0.47,0.34,8.9,0.043,31,172,0.9964,3.22,0.6,9.2,5
6.7,0.47,0.34,8.9,0.043,31,172,0.9964,3.22,0.6,9.2,5
6.2,0.37,0.3,6.6,0.346,79,200,0.9954,3.29,0.58,9.6,5
6.2,0.37,0.3,6.6,0.346,79,200,0.9954,3.29,0.58,9.6,5
5.7,0.335,0.34,1,0.04,13,174,0.992,3.27,0.66,10,5
5.7,0.335,0.34,1,0.04,13,174,0.992,3.27,0.66,10,5
7.3,0.51,0.26,3.3,0.09,7,135,0.9944,3.01,0.52,8.8,5
7.3,0.51,0.26,3.3,0.09,7,135,0.9944,3.01,0.52,8.8,5
6.8,0.18,0.37,1.6,0.055,47,154,0.9934,3.08,0.45,9.1,5
6.8,0.18,0.37,1.6,0.055,47,154,0.9934,3.08,0.45,9.1,5
7.2,0.34,0.34,12.6,0.048,7,41,0.9942,3.19,0.4,11.7,5
7.2,0.34,0.34,12.6,0.048,7,41,0.9942,3.19,0.4,11.7,5
5.6,0.35,0.37,1,0.038,6,72,0.9902,3.37,0.34,11.4,5
5.6,0.35,0.37,1,0.038,6,72,0.9902,3.37,0.34,11.4,5
6.4,0.18,0.48,4,0.186,64,150,0.9945,3.06,0.4,9.3,5
6.4,0.18,0.48,4,0.186,64,150,0.9945,3.06,0.4,9.3,5
7.9,0.345,0.51,15.3,0.047,54,171,0.9987,3.09,0.51,9.1,5
7.9,0.345,0.51,15.3,0.047,54,171,0.9987,3.09,0.51,9.1,5
7.9,0.345,0.51,15.3,0.047,54,171,0.9987,3.09,0.51,9.1,5
7.9,0.345,0.51,15.3,0.047,54,171,0.9987,3.09,0.51,9.1,5
6.1,0.24,0.3,1.5,0.045,22,61,0.992,3.31,0.54,10.4,5
6.1,0.24,0.3,1.5,0.045,22,61,0.992,3.31,0.54,10.4,5
7.2,0.46,0.65,10.4,0.05,76,192,0.9976,3.16,0.42,8.7,5
7.2,0.46,0.65,10.4,0.05,76,192,0.9976,3.16,0.42,8.7,5
7.2,0.46,0.65,10.4,0.05,76,192,0.9976,3.16,0.42,8.7,5
7.2,0.46,0.65,10.4,0.05,76,192,0.9976,3.16,0.42,8.7,5
8.4,0.35,0.71,12.2,0.046,22,160,0.9982,2.98,0.65,9.4,5
8.4,0.35,0.71,12.2,0.046,22,160,0.9982,2.98,0.65,9.4,5
5.9,0.21,0.24,12.1,0.044,53,165,0.9969,3.25,0.39,9.5,5
5.9,0.21,0.24,12.1,0.044,53,165,0.9969,3.25,0.39,9.5,5
5.9,0.37,0.1,1.6,0.057,39,128,0.9924,3.24,0.48,10.1,5
5.9,0.37,0.1,1.6,0.057,39,128,0.9924,3.24,0.48,10.1,5
6.8,0.51,0.3,4.2,0.066,38,165,0.9945,3.2,0.42,9.1,5
6.8,0.51,0.3,4.2,0.066,38,165,0.9945,3.2,0.42,9.1,5
6,0.26,0.5,2.2,0.048,59,153,0.9928,3.08,0.61,9.8,5
6,0.26,0.5,2.2,0.048,59,153,0.9928,3.08,0.61,9.8,5
7.4,0.41,0.66,10.8,0.051,77,194,0.9976,3.05,0.46,8.7,5
7.4,0.41,0.66,10.8,0.051,77,194,0.9976,3.05,0.46,8.7,5
6.7,0.34,0.54,16.3,0.047,44,181,0.9987,3.04,0.56,8.8,5
6.7,0.34,0.54,16.3,0.047,44,181,0.9987,3.04,0.56,8.8,5
7.4,0.41,0.66,10.8,0.051,77,194,0.9976,3.05,0.46,8.7,5
7.4,0.41,0.66,10.8,0.051,77,194,0.9976,3.05,0.46,8.7,5
5.7,0.18,0.22,4.2,0.042,25,111,0.994,3.35,0.39,9.4,5
5.7,0.18,0.22,4.2,0.042,25,111,0.994,3.35,0.39,9.4,5
7.1,0.31,0.5,14.5,0.059,6,148,0.9983,2.94,0.44,9.1,5
7.1,0.31,0.5,14.5,0.059,6,148,0.9983,2.94,0.44,9.1,5
6.9,0.41,0.33,10.1,0.043,28,152,0.9968,3.2,0.52,9.4,5
6.9,0.41,0.33,10.1,0.043,28,152,0.9968,3.2,0.52,9.4,5
6.4,0.45,0.07,1.1,0.03,10,131,0.9905,2.97,0.28,10.8,5
6.4,0.45,0.07,1.1,0.03,10,131,0.9905,2.97,0.28,10.8,5
6.4,0.475,0.06,1,0.03,9,131,0.9904,2.97,0.29,10.8,5
6.4,0.475,0.06,1,0.03,9,131,0.9904,2.97,0.29,10.8,5
6.9,0.41,0.33,10.1,0.043,28,152,0.9968,3.2,0.52,9.4,5
6.9,0.41,0.33,10.1,0.043,28,152,0.9968,3.2,0.52,9.4,5
6.4,0.45,0.07,1.1,0.03,10,131,0.9905,2.97,0.28,10.8,5
6.4,0.45,0.07,1.1,0.03,10,131,0.9905,2.97,0.28,10.8,5
6.4,0.475,0.06,1,0.03,9,131,0.9904,2.97,0.29,10.8,5
6.4,0.475,0.06,1,0.03,9,131,0.9904,2.97,0.29,10.8,5
7.3,0.25,0.29,7.5,0.049,38,158,0.9965,3.43,0.38,9.6,5
7.3,0.25,0.29,7.5,0.049,38,158,0.9965,3.43,0.38,9.6,5
7.3,0.25,0.29,7.5,0.049,38,158,0.9965,3.43,0.38,9.6,5
7.3,0.25,0.29,7.5,0.049,38,158,0.9965,3.43,0.38,9.6,5
6.1,0.28,0.25,17.75,0.044,48,161,0.9993,3.34,0.48,9.5,5
6.1,0.28,0.25,17.75,0.044,48,161,0.9993,3.34,0.48,9.5,5
6.5,0.36,0.28,3.2,0.037,29,119,0.9908,3.25,0.65,12.4,8
6.5,0.36,0.28,3.2,0.037,29,119,0.9908,3.25,0.65,12.4,8
7.5,0.23,0.68,11,0.047,37,133,0.9978,2.99,0.38,8.8,5
7.5,0.23,0.68,11,0.047,37,133,0.9978,2.99,0.38,8.8,5
7.5,0.21,0.68,10.9,0.045,38,133,0.9978,3,0.36,8.7,5
7.5,0.21,0.68,10.9,0.045,38,133,0.9978,3,0.36,8.7,5
7.5,0.21,0.68,10.9,0.045,38,133,0.9978,3,0.36,8.7,5
7.5,0.21,0.68,10.9,0.045,38,133,0.9978,3,0.36,8.7,5
7.5,0.23,0.68,11,0.047,37,133,0.9978,2.99,0.38,8.8,5
7.5,0.23,0.68,11,0.047,37,133,0.9978,2.99,0.38,8.8,5
6.5,0.46,0.41,16.8,0.084,59,222,0.9993,3.18,0.58,9,5
6.5,0.46,0.41,16.8,0.084,59,222,0.9993,3.18,0.58,9,5
6.5,0.26,0.43,8.9,0.083,50,171,0.9965,2.85,0.5,9,5
6.5,0.26,0.43,8.9,0.083,50,171,0.9965,2.85,0.5,9,5
7.2,0.24,0.34,1.1,0.045,3,64,0.9913,3.23,0.51,11.4,5
7.2,0.24,0.34,1.1,0.045,3,64,0.9913,3.23,0.51,11.4,5
6,0.36,0.06,1.4,0.066,27,128,0.9934,3.26,0.55,9.3,5
6,0.36,0.06,1.4,0.066,27,128,0.9934,3.26,0.55,9.3,5
7,0.23,0.42,18.05,0.05,35,144,0.9999,3.22,0.42,8.8,5
7,0.23,0.42,18.05,0.05,35,144,0.9999,3.22,0.42,8.8,5
7,0.23,0.42,18.05,0.05,35,144,0.9999,3.22,0.42,8.8,5
7,0.23,0.42,18.05,0.05,35,144,0.9999,3.22,0.42,8.8,5
6,0.29,0.2,12.6,0.045,45,187,0.9972,3.33,0.42,9.5,5
6,0.29,0.2,12.6,0.045,45,187,0.9972,3.33,0.42,9.5,5
7.4,0.28,0.25,11.9,0.053,25,148,0.9976,3.1,0.62,9.2,5
7.4,0.28,0.25,11.9,0.053,25,148,0.9976,3.1,0.62,9.2,5
5.6,0.35,0.14,5,0.046,48,198,0.9937,3.3,0.71,10.3,5
5.6,0.35,0.14,5,0.046,48,198,0.9937,3.3,0.71,10.3,5
5.8,0.335,0.14,5.8,0.046,49,197,0.9937,3.3,0.71,10.3,5
5.8,0.335,0.14,5.8,0.046,49,197,0.9937,3.3,0.71,10.3,5
6.4,0.24,0.28,11.5,0.05,34,163,0.9969,3.31,0.45,9.5,5
6.4,0.24,0.28,11.5,0.05,34,163,0.9969,3.31,0.45,9.5,5
6.4,0.24,0.29,11.4,0.051,32,166,0.9968,3.31,0.45,9.5,5
6.4,0.24,0.29,11.4,0.051,32,166,0.9968,3.31,0.45,9.5,5
6.3,0.26,0.25,7.8,0.058,44,166,0.9961,3.24,0.41,9,5
6.3,0.26,0.25,7.8,0.058,44,166,0.9961,3.24,0.41,9,5
6,0.32,0.12,5.9,0.041,34,190,0.9944,3.16,0.72,10,5
6,0.32,0.12,5.9,0.041,34,190,0.9944,3.16,0.72,10,5
7.3,0.34,0.21,3.2,0.05,14,136,0.9936,3.25,0.44,10.2,5
7.3,0.34,0.21,3.2,0.05,14,136,0.9936,3.25,0.44,10.2,5
7.1,0.28,0.26,1.9,0.049,12,86,0.9934,3.15,0.38,9.4,5
7.1,0.28,0.26,1.9,0.049,12,86,0.9934,3.15,0.38,9.4,5
7.1,0.28,0.26,1.9,0.049,12,86,0.9934,3.15,0.38,9.4,5
7.1,0.28,0.26,1.9,0.049,12,86,0.9934,3.15,0.38,9.4,5
7.8,0.28,0.22,1.4,0.056,24,130,0.9944,3.28,0.48,9.5,5
7.8,0.28,0.22,1.4,0.056,24,130,0.9944,3.28,0.48,9.5,5
6.4,0.24,0.5,11.6,0.047,60,211,0.9966,3.18,0.57,9.3,5
6.4,0.24,0.5,11.6,0.047,60,211,0.9966,3.18,0.57,9.3,5
6.4,0.32,0.5,10.7,0.047,57,206,0.9968,3.08,0.6,9.4,5
6.4,0.32,0.5,10.7,0.047,57,206,0.9968,3.08,0.6,9.4,5
6.7,0.28,0.14,1.4,0.043,64,159,0.992,3.17,0.39,10,5
6.7,0.28,0.14,1.4,0.043,64,159,0.992,3.17,0.39,10,5
6.8,0.34,0.69,1.3,0.058,12,171,0.9931,3.06,0.47,9.7,5
6.8,0.34,0.69,1.3,0.058,12,171,0.9931,3.06,0.47,9.7,5
6.4,0.27,0.32,4.5,0.24,61,174,0.9948,3.12,0.48,9.4,5
6.4,0.27,0.32,4.5,0.24,61,174,0.9948,3.12,0.48,9.4,5
8.1,0.46,0.31,1.7,0.052,50,183,0.9923,3.03,0.42,11.2,5
8.1,0.46,0.31,1.7,0.052,50,183,0.9923,3.03,0.42,11.2,5
6.2,0.36,0.26,13.2,0.051,54,201,0.9976,3.25,0.46,9,5
6.2,0.36,0.26,13.2,0.051,54,201,0.9976,3.25,0.46,9,5
6,0.36,0.16,6.3,0.036,36,191,0.9942,3.17,0.62,9.8,5
6,0.36,0.16,6.3,0.036,36,191,0.9942,3.17,0.62,9.8,5
5.9,0.37,0.14,6.3,0.036,34,185,0.9944,3.17,0.63,9.8,5
5.9,0.37,0.14,6.3,0.036,34,185,0.9944,3.17,0.63,9.8,5
6.3,0.34,0.28,14.7,0.047,49,198,0.9977,3.23,0.46,9.5,5
6.3,0.34,0.28,14.7,0.047,49,198,0.9977,3.23,0.46,9.5,5
7.5,0.31,0.51,14.8,0.039,62,204,0.9982,3.06,0.6,9.5,5
7.5,0.31,0.51,14.8,0.039,62,204,0.9982,3.06,0.6,9.5,5
7.5,0.31,0.51,14.8,0.039,62,204,0.9982,3.06,0.6,9.5,5
7.5,0.31,0.51,14.8,0.039,62,204,0.9982,3.06,0.6,9.5,5
7.4,0.31,0.48,14.2,0.042,62,204,0.9983,3.06,0.59,9.4,5
7.4,0.31,0.48,14.2,0.042,62,204,0.9983,3.06,0.59,9.4,5
8.4,0.4,0.7,13.1,0.042,29,197,0.998,3.06,0.64,9.7,5
8.4,0.4,0.7,13.1,0.042,29,197,0.998,3.06,0.64,9.7,5
8.6,0.27,0.46,6.1,0.032,13,41,0.993,2.89,0.34,10.9,5
8.6,0.27,0.46,6.1,0.032,13,41,0.993,2.89,0.34,10.9,5
6.2,0.31,0.21,6.3,0.041,50,218,0.9941,3.15,0.6,10,5
6.2,0.31,0.21,6.3,0.041,50,218,0.9941,3.15,0.6,10,5
6.2,0.47,0.21,1,0.044,13,98,0.99345,3.14,0.46,9.2,5
6.2,0.47,0.21,1,0.044,13,98,0.99345,3.14,0.46,9.2,5
6.1,0.25,0.24,12.1,0.046,51,172,0.998,3.35,0.45,9.5,5
6.1,0.25,0.24,12.1,0.046,51,172,0.998,3.35,0.45,9.5,5
6.4,0.31,0.39,7.5,0.04,57,213,0.99475,3.32,0.43,10,5
6.4,0.31,0.39,7.5,0.04,57,213,0.99475,3.32,0.43,10,5
7,0.27,0.41,18.75,0.042,34,157,1.0002,2.96,0.5,9.1,5
7,0.27,0.41,18.75,0.042,34,157,1.0002,2.96,0.5,9.1,5
6.6,0.29,0.44,9,0.053,62,178,0.99685,3.02,0.45,8.9,5
6.6,0.29,0.44,9,0.053,62,178,0.99685,3.02,0.45,8.9,5
6,0.3,0.44,1.5,0.046,15,182,0.99455,3.5,0.52,10.4,5
6,0.3,0.44,1.5,0.046,15,182,0.99455,3.5,0.52,10.4,5
6.4,0.39,0.21,1.2,0.041,35,136,0.99225,3.15,0.46,10.2,5
6.4,0.39,0.21,1.2,0.041,35,136,0.99225,3.15,0.46,10.2,5
7,0.21,0.34,8,0.057,19,101,0.9954,2.99,0.59,9.4,5
7,0.21,0.34,8,0.057,19,101,0.9954,2.99,0.59,9.4,5
6.4,0.16,0.31,5.3,0.043,42,157,0.99455,3.35,0.47,10.5,5
6.4,0.16,0.31,5.3,0.043,42,157,0.99455,3.35,0.47,10.5,5
6,0.33,0.27,0.8,0.185,12,188,0.9924,3.12,0.62,9.4,5
6,0.33,0.27,0.8,0.185,12,188,0.9924,3.12,0.62,9.4,5
6.9,0.38,0.25,9.8,0.04,28,191,0.9971,3.28,0.61,9.2,5
6.9,0.38,0.25,9.8,0.04,28,191,0.9971,3.28,0.61,9.2,5
6.9,0.38,0.25,9.8,0.04,28,191,0.9971,3.28,0.61,9.2,5
6.9,0.38,0.25,9.8,0.04,28,191,0.9971,3.28,0.61,9.2,5
5.9,0.26,0.25,12.5,0.034,38,152,0.9977,3.33,0.43,9.4,5
5.9,0.26,0.25,12.5,0.034,38,152,0.9977,3.33,0.43,9.4,5
7.4,0.38,0.27,7.5,0.041,24,160,0.99535,3.17,0.43,10,5
7.4,0.38,0.27,7.5,0.041,24,160,0.99535,3.17,0.43,10,5
5.9,0.35,0.47,2.2,0.11,14,138,0.9932,3.09,0.5,9.1,5
5.9,0.35,0.47,2.2,0.11,14,138,0.9932,3.09,0.5,9.1,5
5.8,0.25,0.28,11.1,0.056,45,175,0.99755,3.42,0.43,9.5,5
5.8,0.25,0.28,11.1,0.056,45,175,0.99755,3.42,0.43,9.5,5
8.1,0.27,0.41,1.45,0.033,11,63,0.9908,2.99,0.56,12,5
7.9,0.18,0.37,1.2,0.04,16,75,0.992,3.18,0.63,10.8,5
6.6,0.16,0.4,1.5,0.044,48,143,0.9912,3.54,0.52,12.4,7
6.6,0.17,0.38,1.5,0.032,28,112,0.9914,3.25,0.55,11.4,7
6.4,0.31,0.38,2.9,0.038,19,102,0.9912,3.17,0.35,11,7
7.2,0.32,0.36,2,0.033,37,114,0.9906,3.1,0.71,12.3,7
7.4,0.18,0.31,1.4,0.058,38,167,0.9931,3.16,0.53,10,7
6.6,0.25,0.29,1.1,0.068,39,124,0.9914,3.34,0.58,11,7
6.2,0.16,0.33,1.1,0.057,21,82,0.991,3.32,0.46,10.9,7
6.4,0.26,0.24,6.4,0.04,27,124,0.9903,3.22,0.49,12.6,7
6.7,0.23,0.31,2.1,0.046,30,96,0.9926,3.33,0.64,10.7,8
6.7,0.23,0.31,2.1,0.046,30,96,0.9926,3.33,0.64,10.7,8
6.9,0.24,0.33,1.7,0.035,47,136,0.99,3.26,0.4,12.6,7
6.9,0.21,0.33,1.8,0.034,48,136,0.9899,3.25,0.41,12.6,7
7.5,0.17,0.32,1.7,0.04,51,148,0.9916,3.21,0.44,11.5,7
8.6,0.265,0.36,1.2,0.034,15,80,0.9913,2.95,0.36,11.4,7
6.5,0.24,0.32,7.6,0.038,48,203,0.9958,3.45,0.54,9.7,7
6.5,0.24,0.32,7.6,0.038,48,203,0.9958,3.45,0.54,9.7,7
6.8,0.19,0.36,1.9,0.035,30,96,0.9917,3.15,0.54,10.8,7
6.3,0.34,0.33,4.6,0.034,19,80,0.9917,3.38,0.58,12,7
7.9,0.22,0.38,8,0.043,46,152,0.9934,3.12,0.32,11.5,7
6.1,0.32,0.24,1.5,0.036,38,124,0.9898,3.29,0.42,12.4,7
6.1,0.32,0.24,1.5,0.036,38,124,0.9898,3.29,0.42,12.4,7
6.7,0.46,0.18,2.4,0.034,25,98,0.9896,3.08,0.44,12.6,7
6.3,0.22,0.43,4.55,0.038,31,130,0.9918,3.35,0.33,11.5,7
6.8,0.53,0.35,3.8,0.034,26,109,0.9906,3.26,0.57,12.7,8
6.8,0.18,0.38,1.4,0.038,35,111,0.9918,3.32,0.59,11.2,7
6.2,0.25,0.25,1.4,0.03,35,105,0.9912,3.3,0.44,11.1,7
6.2,0.25,0.25,1.4,0.03,35,105,0.9912,3.3,0.44,11.1,7
7,0.26,0.59,1.4,0.037,40,120,0.9918,3.34,0.41,11.1,7
6.8,0.21,0.27,2.1,0.03,26,139,0.99,3.16,0.61,12.6,7
5.8,0.2,0.27,1.4,0.031,12,77,0.9905,3.25,0.36,10.9,7
5.6,0.19,0.26,1.4,0.03,12,76,0.9905,3.25,0.37,10.9,7
6.7,0.26,0.39,1.1,0.04,45,147,0.9935,3.32,0.58,9.6,8
6.3,0.35,0.3,5.7,0.035,8,97,0.9927,3.27,0.41,11,7
6.3,0.35,0.3,5.7,0.035,8,97,0.9927,3.27,0.41,11,7
7,0.3,0.49,4.7,0.036,17,105,0.9916,3.26,0.68,12.4,7
7,0.24,0.36,2.8,0.034,22,112,0.99,3.19,0.38,12.6,8
7.2,0.23,0.39,14.2,0.058,49,192,0.9979,2.98,0.48,9,7
7.2,0.23,0.39,14.2,0.058,49,192,0.9979,2.98,0.48,9,7
7.2,0.23,0.39,14.2,0.058,49,192,0.9979,2.98,0.48,9,7
7.2,0.23,0.39,14.2,0.058,49,192,0.9979,2.98,0.48,9,7
6.2,0.28,0.22,7.3,0.041,26,157,0.9957,3.44,0.64,9.8,7
7.2,0.19,0.46,3.8,0.041,82,187,0.9932,3.19,0.6,11.2,7
6.2,0.33,0.27,4.9,0.036,30,134,0.9927,3.2,0.42,10.4,7
5,0.55,0.14,8.3,0.032,35,164,0.9918,3.53,0.51,12.5,8
6.6,0.24,0.35,7.7,0.031,36,135,0.9938,3.19,0.37,10.5,5
5.9,0.3,0.47,7.85,0.03,19,133,0.9933,3.52,0.43,11.5,7
6,0.1,0.24,1.1,0.041,15,65,0.9927,3.61,0.61,10.3,7
6.6,0.24,0.35,7.7,0.031,36,135,0.9938,3.19,0.37,10.5,5
6.6,0.18,0.35,1.5,0.049,49,141,0.9934,3.43,0.85,10.2,7
7.4,0.2,0.43,7.8,0.045,27,153,0.9964,3.19,0.55,9,7
5.6,0.34,0.1,1.3,0.031,20,68,0.9906,3.36,0.51,11.2,7
7.6,0.17,0.45,11.2,0.054,56,137,0.997,3.15,0.47,10,5
6.3,0.12,0.36,2.1,0.044,47,146,0.9914,3.27,0.74,11.4,7
7.3,0.33,0.4,6.85,0.038,32,138,0.992,3.03,0.3,11.9,7
7.3,0.33,0.4,6.85,0.038,32,138,0.992,3.03,0.3,11.9,7
6.8,0.16,0.4,2.3,0.037,18,102,0.9923,3.49,0.42,11.4,7
6,0.26,0.32,3.5,0.028,29,113,0.9912,3.4,0.71,12.3,7
5.1,0.33,0.22,1.6,0.027,18,89,0.9893,3.51,0.38,12.5,7
5.1,0.33,0.22,1.6,0.027,18,89,0.9893,3.51,0.38,12.5,7
6.4,0.31,0.28,1.5,0.037,12,119,0.9919,3.32,0.51,10.4,7
7.3,0.2,0.44,1.4,0.045,21,98,0.9924,3.15,0.46,10,7
6.4,0.31,0.28,1.5,0.037,12,119,0.9919,3.32,0.51,10.4,7
7.3,0.2,0.44,1.4,0.045,21,98,0.9924,3.15,0.46,10,7
6,0.36,0.39,3.2,0.027,20,125,0.991,3.38,0.39,11.3,7
5.1,0.33,0.22,1.6,0.027,18,89,0.9893,3.51,0.38,12.5,7
5,0.17,0.56,1.5,0.026,24,115,0.9906,3.48,0.39,10.8,7
7,0.3,0.38,14.9,0.032,60,181,0.9983,3.18,0.61,9.3,7
7,0.3,0.38,14.9,0.032,60,181,0.9983,3.18,0.61,9.3,7
5.8,0.28,0.34,4,0.031,40,99,0.9896,3.39,0.39,12.8,7
7,0.22,0.31,2.7,0.03,41,136,0.9898,3.16,0.37,12.7,7
6.9,0.23,0.38,8.3,0.047,47,162,0.9954,3.34,0.52,10.5,7
7.4,0.155,0.34,2.3,0.045,73.5,214,0.9934,3.18,0.61,9.9,7
6.9,0.2,0.37,6.2,0.027,24,97,0.992,3.38,0.49,12.2,7
7.4,0.155,0.34,2.3,0.045,73.5,214,0.9934,3.18,0.61,9.9,7
6.7,0.22,0.37,1.6,0.028,24,102,0.9913,3.29,0.59,11.6,7
6.4,0.28,0.29,1.6,0.052,34,127,0.9929,3.48,0.56,10.5,7
6.1,0.2,0.25,1.2,0.038,34,128,0.9921,3.24,0.44,10.1,5
5.9,0.46,0.14,2.7,0.042,27,160,0.9931,3.46,0.51,10.6,7
6,0.27,0.27,1.6,0.046,32,113,0.9924,3.41,0.51,10.5,7
6.4,0.28,0.29,1.6,0.052,34,127,0.9929,3.48,0.56,10.5,7
6.3,0.23,0.31,1.5,0.022,11,82,0.9892,3.3,0.4,12.9,7
7,0.17,0.31,4.8,0.034,34,132,0.9944,3.36,0.48,9.6,7
7,0.24,0.51,11,0.029,55,227,0.9965,3.03,0.61,9.5,5
7.4,0.28,0.36,1.1,0.028,42,105,0.9893,2.99,0.39,12.4,7
7.1,0.23,0.39,1.6,0.032,12,65,0.9898,3.25,0.4,12.7,7
6.5,0.3,0.29,2.25,0.037,8,210,0.9937,3.19,0.62,9.9,5
6,0.24,0.27,1.9,0.048,40,170,0.9938,3.64,0.54,10,7
6,0.24,0.27,1.9,0.048,40,170,0.9938,3.64,0.54,10,7
7.8,0.28,0.32,9,0.036,34,115,0.9952,3.17,0.39,10.3,7
7.9,0.19,0.26,2.1,0.039,8,143,0.9942,3.05,0.74,9.8,5
7.9,0.19,0.26,2.1,0.039,8,143,0.9942,3.05,0.74,9.8,5
6.5,0.18,0.31,1.7,0.044,30,127,0.9928,3.49,0.5,10.2,7
7,0.3,0.51,13.6,0.05,40,168,0.9976,3.07,0.52,9.6,7
9.2,0.25,0.34,1.2,0.026,31,93,0.9916,2.93,0.37,11.3,7
7.8,0.28,0.34,1.6,0.028,32,118,0.9901,3,0.38,12.1,7
7,0.3,0.51,13.6,0.05,40,168,0.9976,3.07,0.52,9.6,7
7.8,0.28,0.34,1.6,0.028,32,118,0.9901,3,0.38,12.1,7
9.2,0.25,0.34,1.2,0.026,31,93,0.9916,2.93,0.37,11.3,7
6.7,0.21,0.42,9.1,0.049,31,150,0.9953,3.12,0.74,9.9,7
7.4,0.3,0.22,1.4,0.046,16,135,0.9928,3.08,0.77,10.4,7
6.5,0.28,0.29,2.7,0.038,26,107,0.9912,3.32,0.41,11.6,7
7.2,0.2,0.34,2.7,0.032,49,151,0.99,3.16,0.39,12.7,7
7.4,0.2,0.33,1.9,0.035,39,138,0.991,3.17,0.44,11.7,7
7.1,0.22,0.33,2.8,0.033,48,153,0.9899,3.15,0.38,12.7,7
6.5,0.28,0.29,2.7,0.038,26,107,0.9912,3.32,0.41,11.6,7
6,0.38,0.26,6,0.034,42,134,0.9912,3.38,0.38,12.3,7
6.6,0.25,0.3,1.6,0.046,32,134,0.993,3.42,0.51,10.1,7
6.1,0.32,0.25,1.7,0.034,37,136,0.992,3.47,0.5,10.8,7
6.9,0.28,0.27,2.1,0.036,42,121,0.9926,3.42,0.49,10.8,7
6.3,0.27,0.38,0.9,0.051,7,140,0.9926,3.45,0.5,10.5,7
6.9,0.19,0.4,1.4,0.036,14,55,0.9909,3.08,0.68,11.5,7
7.8,0.32,0.33,2.4,0.037,18,101,0.9912,3.21,0.65,11.7,7
6.2,0.24,0.29,13.3,0.039,49,130,0.9952,3.33,0.46,11,8
6.2,0.17,0.28,4.7,0.037,39,133,0.9931,3.41,0.46,10.8,7
5.6,0.235,0.29,1.2,0.047,33,127,0.991,3.34,0.5,11,7
7.1,0.26,0.34,14.4,0.067,35,189,0.9986,3.07,0.53,9.1,7
7.1,0.26,0.34,14.4,0.067,35,189,0.9986,3.07,0.53,9.1,7
7.1,0.26,0.34,14.4,0.067,35,189,0.9986,3.07,0.53,9.1,7
7.1,0.26,0.34,14.4,0.067,35,189,0.9986,3.07,0.53,9.1,7
6.6,0.27,0.25,3.1,0.052,41,188,0.9915,3.24,0.4,11.3,5
6.8,0.25,0.34,14,0.032,47,133,0.9952,3.37,0.5,12.2,7
5.8,0.32,0.38,4.75,0.033,23,94,0.991,3.42,0.42,11.8,7
5.8,0.32,0.38,4.75,0.033,23,94,0.991,3.42,0.42,11.8,7
5.7,0.32,0.38,4.75,0.033,23,94,0.991,3.42,0.42,11.8,7
6.8,0.22,0.35,5.5,0.043,21,114,0.9938,3.3,0.53,10.7,7
6.7,0.17,0.37,2,0.039,34,125,0.9922,3.26,0.6,10.8,7
5.9,0.34,0.22,2.4,0.03,19,135,0.9894,3.41,0.78,13.9,7
6.2,0.21,0.27,1.7,0.038,41,150,0.9933,3.49,0.71,10.5,7
6.2,0.21,0.27,1.7,0.038,41,150,0.9933,3.49,0.71,10.5,7
7.4,0.29,0.5,1.8,0.042,35,127,0.9937,3.45,0.5,10.2,7
6.6,0.33,0.31,1.3,0.02,29,89,0.99035,3.26,0.44,12.4,8
7.8,0.3,0.4,1.8,0.028,23,122,0.9914,3.14,0.39,10.9,7
6.4,0.24,0.31,2.8,0.038,41,114,0.99155,3.37,0.66,11.7,7
8.8,0.28,0.45,6,0.022,14,49,0.9934,3.01,0.33,11.1,7
7.1,0.21,0.31,3.8,0.021,40,142,0.99215,3.17,0.39,10.8,7
7.1,0.14,0.4,1.2,0.051,55,136,0.9932,3.3,0.96,9.8,7
7.1,0.13,0.4,1.2,0.047,54,134,0.9932,3.3,0.97,9.8,76.2,0.66,0.48,1.2,0.029,29,75,0.9892,3.33,0.39,12.8,8
6.2,0.66,0.48,1.2,0.029,29,75,0.9892,3.33,0.39,12.8,8
7.1,0.18,0.36,1.4,0.043,31,87,0.9898,3.26,0.37,12.7,7
7,0.32,0.34,1.3,0.042,20,69,0.9912,3.31,0.65,12,7
5.2,0.44,0.04,1.4,0.036,43,119,0.9894,3.36,0.33,12.1,8
5.2,0.44,0.04,1.4,0.036,43,119,0.9894,3.36,0.33,12.1,8
6.1,0.31,0.58,5,0.039,36,114,0.9909,3.3,0.6,12.3,8
6.4,0.32,0.35,4.8,0.03,34,101,0.9912,3.36,0.6,12.5,8
7,0.23,0.36,7.1,0.028,31,104,0.9922,3.35,0.47,12.1,8
6.6,0.16,0.32,1.4,0.035,49,186,0.9906,3.35,0.64,12.4,8
6,0.25,0.28,2.2,0.026,54,126,0.9898,3.43,0.65,12.9,8
5.9,0.27,0.29,11.4,0.036,31,115,0.9949,3.35,0.48,10.5,8
6.5,0.21,0.37,2.5,0.048,70,138,0.9917,3.33,0.75,11.4,7
7.1,0.32,0.34,14.5,0.039,46,150,0.995,3.38,0.5,12.5,8
7.1,0.28,0.44,1.8,0.032,32,107,0.9907,3.25,0.48,12.2,7
final Training epoch is: 264

